1.0 0.0 0.0 0.0 0.0 1.0 0.0 0.0 0.0 0.0 1.0 0.0
0.9999926015859788 -0.0028091691895490815 -0.0026278016991197004 -0.015335537716100356 0.0028042691800618984 0.9999943260916415 -0.001866509815025617 0.0 0.0026330301310780336 0.0018591269424970795 0.9999948053861782 0.8603062149856473
0.9999767811432905 -0.0014877292181951574 -0.006650100456111945 -0.023041560659308066 0.00146484046964972 0.999992991665726 -0.0034454117068291796 0.0 0.006655179689649951 0.0034355903720331106 0.999971952257709 1.7195989575206454
0.999956399013514 -0.0012541163517514088 -0.009253500100042566 -0.07519754082216655 0.0012111674318701254 0.999988476064462 -0.004645515227270839 0.0 0.00925921947991273 0.004634105140272226 0.9999463945253122 2.57845430001883
0.999907858322636 -0.0011967151919185211 -0.013521935415772096 -0.11219816764810145 0.0011329710866293096 0.9999882151273803 -0.004720803202125476 0.0 0.013527425518395756 0.0047050482575385745 0.9998974303796053 3.4370878019829414
0.9998447280316424 -0.002093333423812807 -0.017496793492167238 -0.13802533057183092 0.0020069662669777934 0.9999857234376879 -0.004952272933437357 0.0 0.017506910456560155 0.004916388509952074 0.9998346549356472 4.2971353710786
0.999773968770575 -0.0014165782816036045 -0.021213313619162937 -0.18627977789894717 0.001295713363655867 0.9999828568902479 -0.005710258531533266 0.0 0.021221038985217537 0.005681481460833273 0.9997586650151113 5.155177608649067
0.999651288433029 0.00013691731827321195 -0.02640611269824155 -0.21342117853011466 -0.0002935745215196318 0.9999823812639982 -0.00592882581826576 0.0 0.026404835696981575 0.005934510530024969 0.999633716036321 6.015287713130272
0.9995378400505074 0.0005826728353341653 -0.03039353219900695 -0.25540536729777025 -0.0007150375588822549 0.9999903076584191 -0.004344342356327699 0.0 0.030390706284232648 0.004364067092353083 0.9995285688213011 6.873707499109615
0.9994057060589177 0.00020338548694754616 -0.03447018031891508 -0.29166286800948815 -0.0002704984443110891 0.999998077083346 -0.0019423336997797303 0.0 0.03446971899314597 0.0019505035127817553 0.9994038393004999 7.733249611353308
0.999321959916406 -0.0018028014586138064 -0.036774588178961023 -0.32619933612173735 0.0018769201454093246 0.9999962762733143 0.0019810629146426216 0.0 0.03677087977733358 -0.002048742639970623 0.9993216224289331 8.593154289835187
0.9992391231218241 -0.0002107573921362909 -0.03900167181092767 -0.36712369191272437 0.00026859768074139303 0.9999988720000634 0.0014777868203612618 0.0 0.03900131636254797 -0.0014871381651322462 0.9992380525891041 9.451312862902165
0.9991807499039258 -0.0015900887407832597 -0.04043885061697917 -0.43230125993201846 0.0016463284342598831 0.9999977234352726 0.0013574707948058303 0.0 0.04043660005629148 -0.0014229343163463099 0.9991810930125821 10.309273061217134
0.9990992562818178 -0.0046044053180069495 -0.04218383041857861 -0.4660919968310873 0.004639675681589219 0.9999889641407606 0.0007382453920641764 0.0 0.04217996570275473 -0.0009332997143141793 0.9991095933104422 11.168966293918583
0.9990036318937836 -0.005420136495778385 -0.04429859572711069 -0.5080669983191395 0.005487196575422237 0.9999839758730313 0.0013923616296603225 0.0 0.04429033909070399 -0.001634049427710041 0.9990173650871629 12.027533395070432
0.9989785741878109 -0.006914262646397659 -0.04465424152017504 -0.56844685836086 0.00699342408751901 0.9999742386814413 0.0016167847735628668 0.0 0.04464191229346714 -0.0019274193961195027 0.9990011935534677 12.881271879372594
0.9989181485190679 -0.005165781470632581 -0.046215227588229796 -0.6209957184062321 0.005176034619623581 0.9999865990217479 0.00010218871665242022 0.0 0.046214080374391 -0.0003412897815884698 0.998931500302415 13.74333879885392
0.9988761499121942 -0.0055054269896327905 -0.04707576245000758 -0.6832512195476595 0.0054058097075295125 0.9999828725882215 -0.002243156618351368 0.0 0.047087305699027956 0.0019861530329472517 0.9988888030397253 14.611834689604267
0.9987449961484244 -0.001945411350329249 -0.05004645884733862 -0.7081651342435904 0.0017134849711245908 0.999987596108437 -0.0046767080861082515 0.0 0.05005493619748284 0.004585084944354562 0.998735941256906 15.493097323276054
0.9987465158341962 -0.0008454736542613287 -0.05004680093023451 -0.7828300139919913 0.0006420794653842867 0.9999914705599953 -0.0040800173059713715 0.0 0.05004982360618938 0.004042769045696587 0.998738539946983 16.381888896703234
0.9987036413655018 -0.0012433686749398468 -0.050887039190959035 -0.8399049456906542 0.001102540349668521 0.9999954849314372 -0.0027954465683396007 0.0 0.050890285203183366 0.002735717653060199 0.9987005030142223 17.281802046603183
0.9985776871924446 -0.0018674186237411692 -0.05328335001732444 -0.8996136355902218 0.001805160969051946 0.9999976307228797 -0.0012165288744612106 0.0 0.05328549554297848 0.0011186135661106298 0.9985786922763915 18.185997836841338
0.998581569246221 -0.0009156462814662233 -0.05323543137459097 -0.9752664766382837 0.0008389815227935473 0.9999985786921808 -0.001462437561640444 0.0 0.053236694786170935 0.0014156996519462306 0.9985809181647418 19.09590366023536
0.9985253843356345 -0.0013785043676764724 -0.054269296688631556 -1.0359905925745285 0.0012329910427302999 0.9999955550323215 -0.0027147096873330772 0.0 0.05427279770252247 0.0026437929771914977 0.9985226456061146 20.00898681031323
0.9984462602316437 -0.0027384304466219495 -0.055655785217091344 -1.0828957606606031 0.0026160928667881087 0.9999939996338066 -0.0022708488485286126 0.0 0.055661669823625415 0.0021217198376627154 0.9984474331768175 20.926295628744963
0.9983779387975621 -0.0033554845807769297 -0.056835130382156505 -1.1315462421269313 0.0033231971717833826 0.9999942586488955 -0.0006625932398940627 0.0 0.05683702739311736 0.00047264412856261724 0.9983833576961513 21.85371677238392
0.9983758044845729 -0.0030186886865596688 -0.05689148036738954 -1.1862915633492066 0.00318227117616491 0.9999910585167031 0.002784966212207673 0.0 0.056882564727170445 -0.0029614870007179245 0.9983764838099918 22.788261764401117
0.9984154766501446 -0.0017416772099646059 -0.05624502241050591 -1.2383061556380166 0.002132320342043685 0.9999740169796968 0.006886114684333977 0.0 0.05623156760593536 -0.006995135880251763 0.9983932486142897 23.72415057374996
0.9984822321053758 -0.004647968526065927 -0.05487830681102697 -1.2931535819772633 0.005176330214185155 0.999941574219168 0.009489665621267351 0.0 0.05483099283596985 -0.009759330749106183 0.9984479544212358 24.666564128671773
0.9986149991000979 -0.0030201571151653433 -0.05252582434678554 -1.3579049178768585 0.0035799445464859713 0.9999377639882833 0.010566557961487514 0.0 0.052490642683755466 -0.010739962807622237 0.9985636612803092 25.61122845940951
0.9986304391724738 -0.004672483434645706 -0.05210963305131924 -1.4347171345959613 0.005024813800439575 0.9999653808620517 0.006632369386579117 0.0 0.05207683942465249 -0.006885127156565835 0.9986193458067871 26.557544414431565
0.9987504264993258 -0.001684105871568033 -0.049947465949998576 -1.516886122351903 0.0017444111471959544 0.9999978012891352 0.0011638069607828334 0.0 0.049945396155825994 -0.0012494816148222688 0.9987511683089689 27.50730087328432
0.9988229110423804 -0.0015563031733621718 -0.048480617748288074 -1.573760809052903 0.00145659012448875 0.99999675088889 -0.002092022196363264 0.0 0.048483716050156764 0.0020189433110954034 0.9988219326515979 28.46564971092
0.9988352169033444 -0.0042401627860524215 -0.04806485715358204 -1.6196451664939269 0.004177868144949717 0.9999902976359146 -0.0013964425501218096 0.0 0.048070311954571614 0.001194007361850312 0.9988432406814438 29.43443331826513
0.9988006358890089 -0.006172584835011608 -0.04857148282854369 -1.6642317614280853 0.006337231784257613 0.999974681895068 0.0032365200705649915 0.0 0.048550275395938466 -0.003540447049337616 0.9988144652505128 30.41044572980315
0.9987220054887467 -0.009452208845455343 -0.04964888216743026 -1.7246833568349453 0.009765977011342516 0.9999338216235959 0.006080959319216099 0.0 0.04958811798755161 -0.006558057728469214 0.9987482217422372 31.38941079323149
0.9985439166781053 -0.017948378817073812 -0.05087142776634055 -1.7638289193340495 0.018195010919101123 0.9998248230864111 0.004389159131076943 0.0 0.050783737975861006 -0.0053083743333481506 0.9986955657852571 32.369247335317276
0.9983827716671811 -0.021430649513670925 -0.052655184925868445 -1.7814663478354096 0.02149684437767512 0.9997686773161629 0.0006910421760645039 0.0 0.05262819510449883 -0.0018218449191072154 0.998612514422452 33.349659115976735
0.9982507104762312 -0.021440894194168465 -0.05509815867932988 -1.7875749521183444 0.02130150440169119 0.9997682415227037 -0.003115951351066468 0.0 0.055152197997204645 0.0019368269803787027 0.998476080713666 34.335470902132556
0.9980881772595146 -0.02065622571816999 -0.058252130895426135 -1.834456003774588 0.020457140307735645 0.9997826810677748 -0.0040119879559881505 0.0 0.058322344133337305 0.002812645731227089 0.9982938411103124 35.34773833654927
0.9981175245625185 -0.019244495631757723 -0.05823277899146963 -1.9000124913906866 0.01908445863106912 0.9998124186402265 -0.00330317597705697 0.0 0.05828542356326416 0.0021856167677796476 0.9982975671008089 36.40615837310349
0.9981188093362898 -0.015816786717061816 -0.059234041792320336 -1.9905601714082481 0.015839826791107115 0.9998745388265341 -8.058318264413442e-05 0.0 0.059227884786940535 -0.0008578253718141891 0.9982441193412035 37.44686051451016
0.9980511024165637 -0.015471568768031324 -0.06045351540595454 -2.0534788573497047 0.015576902391003433 0.9998778642660286 0.001271480515799041 0.0 0.060426460073241664 -0.0022106810391659126 0.998170203829166 38.491508768986954
0.99790785407796 -0.017134656731645007 -0.06234034254164434 -2.1261299863050125 0.01741354535941722 0.9998406370862444 0.0039330483068411234 0.0 0.0622630163703655 -0.005010386178435205 0.9980471996968907 39.524018581704254
0.9978374450999168 -0.018764993906907626 -0.0629945089681979 -2.208673862911505 0.019233732682725692 0.9997915984612821 0.006842746036452805 0.0 0.06285297672791741 -0.00803956776845542 0.9979904151175676 40.558608562983686
0.9979066004363111 -0.013493559083745154 -0.06324824637014835 -2.288534028282174 0.014146618143205014 0.9998510304737074 0.009888885466536348 0.0 0.06310538804853248 -0.010762932867641066 0.9979488309905118 41.58127252586102
0.99782042155143 -0.013541928296522688 -0.06458345386350321 -2.3335382055972285 0.014143961138144593 0.9998605933798804 0.008873678456579406 0.0 0.06445428378509889 -0.009767803439868326 0.9978728552865381 42.60514551900626
0.9978444494676747 -0.01274030289118943 -0.06437499008772654 -2.396311885973629 0.013232724934009869 0.999886314078138 0.007228686606216706 0.0 0.0642755759007647 -0.008064961343415026 0.9978995975252982 43.61571733448896
0.9979069868930649 -0.00976836288387042 -0.06392358404043429 -2.4802944647787095 0.010116808828436123 0.9999356668352286 0.005129558451818044 0.0 0.06386936424557808 -0.005765524898111107 0.9979416130383143 44.62012625863254
0.9978209623359112 -0.010947904157850904 -0.0650651252022775 -2.555794212154707 0.011298615738386978 0.9999235442403022 0.005024634942328169 0.0 0.06500514137692355 -0.005748831921171074 0.9978683693384142 45.62093843428398
0.9975843493983292 -0.012544482067227856 -0.06832350843727743 -2.5898543039358364 0.013023710295013076 0.9998935825013021 0.00657317600998439 0.0 0.06823378053182523 -0.007447123093626849 0.9976415646673712 46.62205533910272
0.9974588329928652 -0.014560354541127531 -0.06974146944357511 -2.67772159591241 0.015115096163990996 0.999858131171426 0.0074331284350514564 0.0 0.06962334631763796 -0.008468388631570076 0.9975374058357491 47.61580633216422
0.9974887256287595 -0.011366276525751494 -0.06990743881343775 -2.756492639937883 0.011676829995068432 0.999923681101503 0.004035295984302722 0.0 0.06985623726468985 -0.004841459527332031 0.997545320466625 48.601700918855485
0.9974433290529388 -0.010632429591344418 -0.07066651801792045 -2.8330935056945306 0.0106334489639255 0.9999433978408295 -0.0003617701805276674 0.0 0.0706663646363922 -0.0003905835595841879 0.9974999310042866 49.57924504327817
0.9972440713121157 -0.01021742762664932 -0.07348378328264972 -2.8727648524930816 0.01015033147878843 0.9999476565087967 -0.001286473253271352 0.0 0.0734930813322447 0.0005370430660922046 0.9972955823531127 50.56293242329694
0.9972279662871888 -0.012185137913714162 -0.07340235465393669 -2.9525012967803304 0.012347888656756314 0.9999222062336024 0.001763838609616946 0.0 0.07337515179158988 -0.002665313291937587 0.9973008488939603 51.54325949018708
0.9972013942929062 -0.013588207531488525 -0.07351693571120432 -3.020103837593006 0.013915161283557522 0.9998954289343103 0.003936938241878124 0.0 0.07345575203302138 -0.004948920321540172 0.9972861979797532 52.52006892541008
0.9971055922155089 -0.016423914973924383 -0.07423404198539418 -3.0801012666563112 0.016804899622852098 0.9998486140245388 0.004510474683509046 0.0 0.07414872433984171 -0.005744915154636351 0.9972306466553448 53.49081421174208
0.9970288963911936 -0.019390305370100766 -0.07454794308774226 -3.140486208852905 0.019680430071084647 0.9998013306467846 0.0031590994177409237 0.0 0.0744718767937009 -0.004616848986941682 0.9972124268541043 54.4543513189621
0.9969438849190085 -0.021668432652836404 -0.07505577492081654 -3.221969955294403 0.021881182580934775 0.9997585510725927 0.0020133072505622122 0.0 0.07499402757189784 -0.0036494634667069187 0.9971773048184297 55.41675790521754
0.9970231472213127 -0.0220051324653558 -0.07389599481765484 -3.340423376730742 0.02228920971958878 0.9997469981686217 0.0030217185343824576 0.0 0.07381080567901227 -0.004659806649095211 0.9972613755515676 56.370439160505185
0.9968768486880811 -0.02507660951978856 -0.07488465934163567 -3.4145476096332517 0.02567029681930246 0.9996461236138663 0.006975916067050431 0.0 0.07468322710575473 -0.008876440658145798 0.9971678015210428 57.331920651489085
0.9968809149174948 -0.02484362586858504 -0.07490818197607044 -3.47999811929202 0.025798962230807833 0.9995973553816153 0.011812733040598903 0.0 0.07458454947957865 -0.013708441478767345 0.9971204659473941 58.29372952566389
0.9968345708503896 -0.02283788878914186 -0.07615293292562589 -3.539387957888824 0.023968051532381785 0.9996152541119101 0.01395980846988924 0.0 0.07580482084446369 -0.015740857105938963 0.9969984225435395 59.24621755521253
0.9967581041013165 -0.02097620021406422 -0.077674197343327 -3.6068665177438834 0.021831410123700337 0.999709863026595 0.010177391578857217 0.0 0.07743817818338308 -0.011840134793069732 0.9969268477514875 60.18743707342329
0.9968500627621464 -0.01806755586046261 -0.0772238033014128 -3.6965938465487 0.01839331503614564 0.9998246705778896 0.003509140320278201 0.0 0.07714686210784796 -0.004918488490922658 0.9970076078635882 61.11041731011883
0.9966106686644033 -0.017697744865911174 -0.08033657281059589 -3.748124526787503 0.01759574507925045 0.999843227397074 -0.001977468912925521 0.0 0.08035897497726749 0.0005571847598579197 0.9967658324229133 62.02652599269646
0.99655894665964 -0.011988703880943568 -0.08201546690645872 -3.829909651884045 0.011966632306827712 0.9999281079545678 -0.0007606797119954051 0.0 0.08201869021060117 -0.0002233867634107851 0.9966307664097512 62.936671516892424
0.9965385648610784 -0.009426441999473303 -0.08259558666087836 -3.923493439459225 0.009606217002721712 0.999952275962118 0.0017794361657657955 0.0 0.08257487111416345 -0.002566707891825549 0.9965815584642703 63.833414887123325
0.9965184502114957 -0.0059626925264737556 -0.08315903249747031 -4.012054352980995 0.006261189745411298 0.9999748568314221 0.003329145226582213 0.0 0.0831370909465355 -0.003838229123234086 0.9965307281294146 64.71493852538903
0.9964487221486041 -0.004485326119467321 -0.08408225721290835 -4.100277112059106 0.004800391652058412 0.9999821933411233 0.0035453124903088093 0.0 0.08406485810612244 -0.003936349866196518 0.9964525100481832 65.58226340141914
0.99631009527582 -0.003225509950501757 -0.0857659031145073 -4.177747466519032 0.0036296490759415274 0.9999830313841789 0.004556598653008345 0.0 0.08574975043155139 -0.004851085369099021 0.9963048967417878 66.43684395781206
0.9961843710786505 -0.0034932011861567463 -0.08720376347445201 -4.246113975601092 0.003966517438955191 0.9999783255361129 0.005255016402334709 0.0 0.08718351655010018 -0.00558086045833147 0.9961766351598994 67.28023260896522
0.9959918368040936 -0.004862076006250034 -0.08931193221803368 -4.309445988897761 0.0053759913769907365 0.9999703439980715 0.005514511862701098 0.0 0.08928247160738612 -0.005972548976675886 0.9959884381469465 68.10959272714777
0.9958192288686033 -0.007258504989776988 -0.09105700149277589 -4.410983398474781 0.00780092387831481 0.999953878161212 0.005602422421370873 0.0 0.09101213656533251 -0.006289328712678186 0.9958299228995651 68.9228903308799
0.995696116797881 -0.004432728766405367 -0.09257210113908951 -4.48856240898067 0.005219222788039495 0.9999523008703823 0.008255646401540355 0.0 0.09253109048914929 -0.00870326948347168 0.995671758358739 69.72671146806087
0.9954215552738445 -0.0028215362539700303 -0.0955403905652998 -4.5446274253113454 0.004057018483266404 0.9999106158368086 0.012739738532282413 0.0 0.09549590513330357 -0.013069019474008285 0.995344027375839 70.52176669633174
0.9950643832870188 -0.0003206877479370384 -0.0992308937428001 -4.616180652948659 0.0018488113573211303 0.9998811148776557 0.01530810267705866 0.0 0.09921418754488488 -0.01541600695299022 0.9949466778272239 71.29788486250533
0.9949761033487429 0.0026622784727243515 -0.1000773003147416 -4.716603868947985 -0.0015122902785021366 0.999931978325012 0.011565107052309053 0.0 0.10010128242468647 -0.01135565922135249 0.9949124495454752 72.04783049474366
0.994855591911766 0.0028669104593653707 -0.10126268842130214 -4.7973702619352245 -0.0024274480393075845 0.9999870954573781 0.004462781052535289 0.0 0.10127417606630121 -0.004194012771129006 0.9948497130315529 72.77736961993766
0.9947133742278603 0.002474345819354707 -0.10266051210174684 -4.871903287484526 -0.0026399357925256184 0.9999954243734486 -0.001477149676663402 0.0 0.10265638738645533 0.0017403576994901348 0.9947153549050277 73.48947690566956
0.9945699204466077 0.002892502540164622 -0.10403031659995034 -4.9434955155139155 -0.0032481419644574826 0.999989445550541 -0.0032493632130187575 0.0 0.10401981982588444 0.0035696241491985654 0.9945688185675334 74.18408996195902
0.9945491065832099 0.005743202128479041 -0.10411095150776542 -5.040236883571669 -0.005705279848845783 0.9999835056012729 0.0006620477513329129 0.0 0.10411303653427445 -6.445688592187379e-05 0.9945654686690654 74.85718601031938
0.9943918014574126 0.004818709687150974 -0.10564906640020516 -5.104984841342799 -0.004558426129952405 0.9999859517721844 0.0027049971323114216 0.0 0.10566061681393749 -0.0022082335064522226 0.9943997977469997 75.51384014209155
0.9942846867304875 0.001280130024578867 -0.1067535620032353 -5.166811848421888 -0.0013985145743073762 0.9999984873990512 -0.0010340969901081586 0.0 0.10675207674909122 0.0011774832141796742 0.9942849730550248 76.1447406788425
0.9942931006517569 -0.006956277851642429 -0.10645581334416505 -5.2332238255214065 0.0062479856863123075 0.9999560820171944 -0.0069854643135053565 0.0 0.10649973085027299 0.0062804645737686415 0.9942928960289074 76.75534694057484
0.9944237810595994 -0.01142194547045883 -0.1048374113797281 -5.281588242000996 0.010185381644205892 0.9998721940168092 -0.01232289060098106 0.0 0.10496476391577478 0.011186366419518503 0.9944130246242898 77.35014303122068
0.9945949643181153 -0.008768525507286223 -0.10345999184939461 -5.278009540701084 0.007673423002966754 0.9999102962529806 -0.010978070262293159 0.0 0.10354697258957518 0.010124841119463724 0.9945730300283805 77.93454695269453
0.9950047130185495 -0.0035962462505906125 -0.0997631599528655 -5.321899156489402 0.002874547295327592 0.9999686584803789 -0.007376925835853028 0.0 0.09978656246570874 0.007053302052646627 0.9949838656387476 78.50545711993887
0.9953202677514846 -0.005385149131467258 -0.09648090366464825 -5.336924411503438 0.0049410913381226 0.9999760754893126 -0.0048408744427610815 0.0 0.0965046642370386 0.0043414994891290614 0.9953230637148305 79.06227591313264
0.9956835607983434 -0.009101591067383865 -0.0923656202056599 -5.3606839529351955 0.009039027991134433 0.9999585468813712 -0.0010956695949831748 0.0 0.092371763699247 0.0002560447773343077 0.9957245561460039 79.60583658373064
0.9963523373282702 -0.013953910255412974 -0.0841861525969635 -5.400118327460025 0.01415250893704803 0.9998982945311239 0.0017626924082102514 0.0 0.08415299395316882 -0.0029477079779148575 0.996448485686234 80.13635284510237
0.9965026346366951 -0.011291704138564151 -0.08279490672604403 -5.291344060327649 0.011499087187028493 0.9999318260886236 0.002028341422272985 0.0 0.08276635884217855 -0.0029733134223214803 0.9965645434447757 80.63732241297832
0.9977323237903938 -0.0056776368668033945 -0.06706694046571418 -5.336516288198893 0.005812958910016467 0.9999814433944166 0.0018227384670641688 0.0 0.06705534708383333 -0.002208462455552801 0.9977468131349969 81.13730944216422
0.9987819726749176 -0.0006599162992287314 -0.04933695947341078 -5.350242162324271 0.0008153868279555777 0.9999947655464398 0.00313113781720936 0.0 0.04933463493250688 -0.0031675527126743693 0.9987772826841238 81.62521327038193
0.9996824592218663 -0.0024482312596395563 -0.025079610998266263 -5.365131908900307 0.0025511650827369065 0.9999884506014959 0.004073109417821791 0.0 0.025069349430043554 -0.0041357982673541505 0.9996771593328715 82.09961606197142
0.9999849191732306 -0.005232295953754504 0.0016686836617765767 -5.350765995743584 0.005224240696527342 0.9999748540671793 0.004795679561600839 0.0 -0.0016937341159355816 -0.004786889633691507 0.9999871083930895 82.55967078324834
0.9994377079125694 -0.006629874135714484 0.03286811177140528 -5.352364346832101 0.006418505058759295 0.9999580658867616 0.006532171216936484 0.0 -0.03291004094928646 -0.00631753408706962 0.99943835125923 83.01469924868077
0.9978048293523595 -0.007224481518493405 0.06582802889271913 -5.293609810593385 0.006684436686726309 0.9999422056025485 0.008420437095621468 0.0 -0.06588505769362987 -0.007961929507922315 0.9977954534127778 83.46102345910339
0.9945778057133453 -0.007220620997178908 0.1037441613530372 -5.234428342868979 0.006317448741181178 0.9999392571039051 0.009031718766778439 0.0 -0.10380307425039317 -0.008327348611336655 0.994563008080064 83.8947263838883
0.989341884645409 -0.00724023485455209 0.14543113244943054 -5.147524323358006 0.005915696279715936 0.9999370128701499 0.009538072647931287 0.0 -0.1454910300458394 -0.00857608836020188 0.9893223998700482 84.3247395345184
0.9818826557924804 -0.008147902979209783 0.18931471662538354 -5.024146211791697 0.006390344774371052 0.9999306499545125 0.009892359435442472 0.0 -0.18938218962609196 -0.008503349844426158 0.9818666300948635 84.73861641524422
0.9704742251405472 -0.007017002668391112 0.24110275819950444 -4.9319971865415075 0.005141586049931641 0.9999514443330195 0.008406727614734695 0.0 -0.24115004132437712 -0.00691886188971771 0.9704631816402907 85.14135736574148
0.9547577334583486 -0.006530111404608278 0.2973130135842072 -4.8106772592383775 0.005153805638495473 0.9999720696000598 0.0054127910732490216 0.0 -0.29734005564155197 -0.0036356106509694316 0.9547647216179844 85.53994506809087
0.9348671769267525 -0.007007565966285439 0.3549285217113928 -4.661188152993665 0.005924759723771603 0.9999738887840341 0.0041375079866902194 0.0 -0.3549482479562668 -0.0017651542007744924 0.9348842845525954 85.90766858060965
0.9111823888706426 -0.006826313725035536 0.4119466660296191 -4.458975576819861 0.0062687618741803786 0.9999766934902489 0.002704644313423764 0.0 -0.41195552774123306 0.00011797128765238954 0.9112039449246323 86.25651797394603
0.882557498665173 -0.007290703388106236 0.4701479630860711 -4.242962664732478 0.007224636506044709 0.9999720108048867 0.0019447966926092253 0.0 -0.4701489829588415 0.0016802532329137177 0.8825854692729967 86.58944279352175
0.8501174029951907 -0.010870103225628895 0.5264809986890105 -4.003500136276396 0.011751939352773624 0.9999295503420419 0.0016692136468861875 0.0 -0.5264620528073848 0.004768145196446931 0.8501852573087915 86.88267881416967
0.8133098830324839 -0.010149185261844294 0.5817422351868642 -3.7535164351551225 0.010051381165801117 0.9999437277889941 0.0033927853009391457 0.0 -0.5817439332716341 0.0030879271298482037 0.8133661296167217 87.17848144527817
0.774325542677899 -0.010155896761016988 0.6327059441142912 -3.4830668598529484 0.00979870457461663 0.9999437547520899 0.004058659993151565 0.0 -0.6327115767434962 0.0030569745272387783 0.7743815051778392 87.4361947575146
0.7320510767226109 -0.007983148674817492 0.6812029729871274 -3.1913896058639706 0.006054251979180419 0.9999680866506928 0.005212649337282959 0.0 -0.6812228468733582 0.00030824888749674694 0.7320760465145533 87.69232216932647
0.6876526392790244 -0.008663910400039998 0.7259881433943466 -2.882777156282707 0.006277557328371598 0.9999623707507973 0.0059874332081973425 0.0 -0.7260126995904308 0.0004401579417533961 0.6876811516207201 87.92006239632964
0.6402451791052917 -0.012005712849528739 0.7680768018182849 -2.576452446757774 0.009509606322783377 0.9999251144041429 0.007702789847593027 0.0 -0.7681117614123761 0.0023724339453729333 0.640311403566383 88.1381655558218
0.5926610646671605 -0.016804978338171815 0.8052766326739139 -2.253312145547948 0.012746109699025647 0.9998528080403114 0.011484726441372176 0.0 -0.8053511030073358 0.0034575940979700874 0.5927880278210093 88.33876161249049
0.5454234856357354 -0.01311325323618809 0.8380580313477847 -1.9295289009018246 0.01206568685722756 0.9998968388060141 0.007793006248703435 0.0 -0.8380737679450613 0.005861257142679148 0.5455254395049566 88.51987666302861
0.4950130304064058 -0.008120057679725281 0.8688476071159662 -1.6012860429701608 0.010227192734467806 0.9999415108402219 0.0035184410376437607 0.0 -0.8688253588936288 0.007144197774506907 0.49506712290508365 88.71187706269187
0.4493700107626777 -0.006287157017514517 0.8933236060262729 -1.2509692465469366 0.010930989913488546 0.9999390708028034 0.0015388767091135413 0.0 -0.8932788516956317 0.009073386283618538 0.4494113558586206 88.862018845591
0.40693064388781625 -0.01225119155001027 0.9133768988597465 -0.8913685214631724 0.013858109571257276 0.9998777794996897 0.007237324220267692 0.0 -0.9133539313235383 0.009712588139276116 0.40705068697580715 88.97348148827473
0.3668239655750301 -0.026860942842154404 0.9299025045828377 -0.5151774074979834 0.017761909209779134 0.9996030813482922 0.021867655114604038 0.0 -0.9301207947686349 0.008495263893381629 0.3671554679292516 89.07015808495431
0.3312548592760063 -0.029368989820958872 0.9430841323248547 -0.14103166004406964 0.015913556288209674 0.9995471884643572 0.025537751648280912 0.0 -0.9434071109188754 0.0065483180957932804 0.33157222832713223 89.16344710079592
0.29865534156753143 -0.02542113578612531 0.9540224068692088 0.23664098267750866 0.017469918244466417 0.9996233028037341 0.02116729666901788 0.0 -0.9542011260262255 0.010344967234648585 0.29898694410157844 89.24170057836886
0.26801743084473506 -0.014005721203975745 0.9633122528738733 0.612099489602221 0.018701164186396557 0.9997815585679992 0.009332824085145191 0.0 -0.9632325384980852 0.015513701069936612 0.268220808025125 89.34185779985022
0.24016151586893586 -0.008643204367441506 0.9706944634197675 0.9964905552385892 0.020346057895343172 0.999785513798448 0.0038683752249256713 0.0 -0.9705196980090914 0.018820770893460858 0.2402858596740998 89.42678151710246
0.21503862606625193 -0.007265707246235193 0.9765785164531029 1.4003617901443248 0.021348634628213407 0.9997683445087231 0.0027373559845673525 0.0 -0.9763721755043275 0.02025998066354559 0.21514392411700292 89.44247897975464
0.1896995198078839 -0.01284913363381672 0.981758112749526 1.8039964244492972 0.02693747342044156 0.9996060791927122 0.007877751372351105 0.0 -0.9814726000813192 0.024951677414993455 0.18997091641563613 89.52181272407249
0.1694316208828128 -0.02018113202465823 0.9853352971223646 2.2267706592541465 0.03505101740630549 0.999281203325852 0.014439628056451223 0.0 -0.9849184494280778 0.03209047506393471 0.17001720320710287 89.5560283785332
0.1494855251289779 -0.02121040350692342 0.988536391115663 2.65259735431581 0.042016610777195075 0.9990030829481719 0.015081269138711306 0.0 -0.9878707821348471 0.0392805173477891 0.15022768972855394 89.61268871967107
0.1320073814007135 -0.019036583899127345 0.9910659209806231 3.098816682702302 0.04240706998146635 0.9990086543732317 0.013540638942083206 0.0 -0.9903411996232999 0.040240737578035646 0.13268380220608006 89.67377127151124
0.11833293721657645 -0.015838854268442927 0.9928476452432942 3.5651624575448997 0.03771821225463875 0.9992228711334442 0.011445097996022715 0.0 -0.9922573519173418 0.0360941061572048 0.11883839054236943 89.71775057858238
0.10562140364121607 -0.013882956505057475 0.9943095004129907 4.039907540134984 0.03363863173282478 0.9993801521293547 0.010380461696839207 0.0 -0.993837291284648 0.03235081217797843 0.10602293810031184 89.74446227604874
0.09150935457995384 -0.015629068524252113 0.9956815606615489 4.52423325219827 0.031574679588357885 0.9994196126053174 0.012785833907814743 0.0 -0.995303510308919 0.030268302841254775 0.09194972653497871 89.8030045581651
0.0788293153951948 -0.01697687853940884 0.9967435601143235 5.02062965857885 0.03154207036139981 0.9993968427702005 0.014527506952724202 0.0 -0.9963889987508118 0.03029416207791679 0.07931725482110184 89.84583305307731
0.06847280145911379 -0.01917588007189407 0.9974686767431855 5.534865930017002 0.03280127327835092 0.9993179893196615 0.016959737421853166 0.0 -0.9971136103432064 0.03155696191916385 0.0690550955597979 89.87584694971515
0.06040001364462316 -0.020338055610534336 0.9979670344483852 6.064391125376053 0.03343777310482904 0.9992724986537761 0.018340904122188972 0.0 -0.9976140304153321 0.03226200440475006 0.06103613184228405 89.91020370727401
0.05528468912576299 -0.021913830828116942 0.9982301273587653 6.610150245959279 0.0336518816704087 0.999232036086457 0.02007209302849389 0.0 -0.9979033790945456 0.03248264270253127 0.05597967412151696 89.93386710714014
0.049602261944826226 -0.023792717865895915 0.9984856144113962 7.173987415650206 0.03509044572498005 0.9991405262397941 0.022065118265709994 0.0 -0.9981524313594508 0.03394282548361789 0.05039452717716163 89.95315895567586
0.043458010682983994 -0.022665643343628118 0.9987981126930946 7.757316491525603 0.035412998325303896 0.9991493006828919 0.02113278245977598 0.0 -0.9984274239308 0.03445204720621992 0.04422369937274379 89.98626908068854
0.039129665308205684 -0.025340186215392888 0.9989127811052515 8.360392639472058 0.03570406963599987 0.9990754839531394 0.023945704734244528 0.0 -0.9985960588267404 0.03472826408505288 0.0399982370779444 90.00444300263908
0.03606409091191237 -0.026719103568899175 0.9989922276229986 8.979684270716813 0.03607522108692137 0.9990257857262979 0.02541766860818612 0.0 -0.9986981324555635 0.03512220036416207 0.036992854328271194 90.0225998677377
0.0321539956180549 -0.025632891173263242 0.9991541800222239 9.617816409467 0.036286981035252325 0.9990419676732216 0.024462253268205034 0.0 -0.9988239962942141 0.035469729597366696 0.03305333128670151 90.06964563330817
0.02982215611161694 -0.027733894786646784 0.999170390916787 10.2727798364409 0.035503609789751506 0.9990136193901288 0.026669869983302 0.0 -0.9989244879853303 0.034678802646465334 0.03077739349353996 90.07941673675687
0.028832676271127962 -0.03182679128049476 0.9990774405099034 10.946640542609112 0.035462460821882535 0.9988963518131704 0.030797600666115667 0.0 -0.9989549993125334 0.034541767342176365 0.029929511479111607 90.09412483940403
0.029770658710146343 -0.03541717033036274 0.9989290925414784 11.632951927796004 0.03519823480736932 0.9987893939300089 0.03436321928115469 0.0 -0.9989368309089478 0.03413752508178693 0.030981240047505857 90.10779989713147
0.03170196389518841 -0.03594467275403638 0.9988508226886439 12.339760797233087 0.036849534035651325 0.9987157455931358 0.03477026525203216 0.0 -0.9988178499238718 0.035704901693558236 0.03298579495040091 90.14016786070773
0.03544734458649885 -0.038910248222038646 0.998613778367319 13.06252569947898 0.037168302463083655 0.9986017607666754 0.037590433433297855 0.0 -0.9986801304991411 0.035784297911094096 0.03684400859341213 90.17207478950829
0.03933132853733322 -0.03948405499833849 0.998445820260851 13.801281722568959 0.03670603993431333 0.9986016722763046 0.038044273672961114 0.0 -0.9985518079838581 0.03515266032394834 0.04072563374976823 90.20174362946334
0.043688667301320316 -0.04250740198109425 0.9981404816588895 14.560223013988455 0.03499727229572556 0.9985463318876856 0.040992853102712674 0.0 -0.9984320163542916 0.033141271105067274 0.04511280160051198 90.22946138049957
0.04787326380250389 -0.043080876074474424 0.9979239393508601 15.33176142288292 0.033482349290101555 0.9985772113578446 0.041502834153820625 0.0 -0.998292082959148 0.03142596177430297 0.049247599206952784 90.25795160306103
0.05205837841727463 -0.04110815761118539 0.9977975970177339 16.118331755980687 0.03140565419843098 0.9987255951260495 0.039507853959443576 0.0 -0.9981500939843344 0.029279771480089988 0.053283063548762055 90.30818362762172
0.056001062996707575 -0.040538706781524984 0.9976073847940916 16.912074548037403 0.030100020444166382 0.9987897707089286 0.03889707825094612 0.0 -0.9979768883659094 0.027849724948035205 0.057153504772842645 90.36187987477189
0.05998199793268347 -0.03821843249332915 0.9974675490168803 17.713445746036005 0.031246547799070237 0.9988489617689923 0.03639237315207751 0.0 -0.9977102851903689 0.028984530197204813 0.06110715043759991 90.42080701295359
0.06081985947899778 -0.03582722173519346 0.9975055663381924 18.51265604409059 0.03563126445433141 0.998796600883646 0.033701083909184575 0.0 -0.9975125852270453 0.03349268944121803 0.06202323812615539 90.52162350101233
0.06052284024230122 -0.02901845076619887 0.9977449149577862 19.317607323329376 0.04030422994814995 0.9988331838050523 0.026605262226540683 0.0 -0.9973527735246414 0.03860311444671535 0.06162178752456299 90.6178754061407
0.06014005113916914 -0.025948563692861682 0.9978526175198624 20.129216211128764 0.04307278282368543 0.9987983993955355 0.023377184277270754 0.0 -0.9972602015666747 0.041574384026555146 0.061185463665897756 90.7006507281518
0.06067864462196675 -0.024001582068508456 0.9978687419420627 20.947466588002445 0.04192549781876312 0.9988898852242027 0.021476727623672476 0.0 -0.9972764685479613 0.04053296504058516 0.06161756263865745 90.75361954697078
0.06062277421453049 -0.021441149015573913 0.9979304366414578 21.76467254975 0.03972336475376187 0.9990290737002941 0.01905161920060689 0.0 -0.9973700083415263 0.038486192724370795 0.061415628551770664 90.82674645969963
0.05975682391379241 -0.02363116086242178 0.9979332093041171 22.57971446571721 0.0392282438496957 0.9990030710473694 0.021307485125809243 0.0 -0.9974418614035645 0.03787389964358351 0.06062425954667875 90.90862529533806
0.06123400587364538 -0.022089729041783555 0.9978789708153546 23.397429529176502 0.03863799658397528 0.9990581796537086 0.01974484456733079 0.0 -0.9973753063639813 0.03734698833737521 0.06202983731628679 90.9616055669093
0.061409928643541424 -0.021117670160325765 0.9978892046068939 24.212931720040274 0.03850519974531567 0.9990820348835713 0.018773309923110628 0.0 -0.99736962569379 0.03727105552430222 0.06216669657892408 91.01764051515936
0.06275503983756767 -0.01784039856462047 0.9978694930470748 25.026831919327076 0.038567666709101445 0.9991367356153233 0.015437571977592823 0.0 -0.9972834802901346 0.03751671258257111 0.06338892819251586 91.03723467563917
0.06174825499678257 -0.016551023645033247 0.9979545163088039 25.837281006205902 0.04023739705919734 0.9990909368733965 0.014080189463627532 0.0 -0.9972803542047517 0.03928566499033417 0.06235809204517538 91.09777154462223
0.058627251279782806 -0.013336602463047896 0.9981908537159137 26.64822362990697 0.03987070905083763 0.9991442135378977 0.011007593447764497 0.0 -0.9974834193946096 0.03915323215866734 0.0591088186683593 91.16301055663831
0.05422387122145438 -0.010192170121934957 0.9984767856379781 27.456575591117684 0.0384849408810506 0.9992262706248546 0.008109834678871001 0.0 -0.9977868916332502 0.037986573435125355 0.05457416168404967 91.23814796590155
0.04880332787497436 -0.0065346581214845295 0.99878703106896 28.267283385904086 0.0355316352948358 0.9993570140759664 0.004802219323904769 0.0 -0.9981762059283946 0.035254172240962764 0.04900413511125497 91.30860643552424
0.0419567823555578 -0.003614787706894774 0.9991128873776915 29.078337158082658 0.0331098679475007 0.9994492400337807 0.0022255876501398107 0.0 -0.9985706610244813 0.03298711726907199 0.042053359383159676 91.36657751740916
0.03383485048402654 -0.0023108964790325526 0.9994247658779384 29.88509571997887 0.033217272062065206 0.9994474499894033 0.0011864006175673024 0.0 -0.9988752753619847 0.03315802266622445 0.033892916714085515 91.41106337326416
0.026247894280648585 -0.0013071056953331394 0.9996546101131726 30.687676350995456 0.03364768065190052 0.9994336668222148 0.00042333088767669265 0.0 -0.999089025879367 0.033624947538903376 0.02627701030228651 91.41081883691994
0.014147454229569974 3.321819089285863e-05 0.999899919209598 31.488964780410505 0.03421684577605182 0.9994142983932981 -0.000517331769416181 0.0 -0.9993142934052144 0.034220740254611505 0.014138031421183478 91.44224529185145
0.0038041482932509685 -2.4407258075214965e-05 0.9999927639038371 32.28716261078163 0.033196055409829964 0.9994488538808363 -0.00010188964870556595 0.0 -0.9994416192859858 0.033196202803314714 0.0038028618763751684 91.44600441140787
-0.00653083800620551 0.0015430000448899178 0.9999774833993935 33.079900603510104 0.03212412918048673 0.9994829988257977 -0.001332434830191273 0.0 -0.999462549813316 0.03211470393827106 -0.006577029088053993 91.43585437151495
-0.017882029034623666 0.0018635318269307852 0.9998383670807603 33.87227554082281 0.031061157298048137 0.9995166307757085 -0.0013074058561713515 0.0 -0.9993575123772843 0.031032757723039726 -0.01793126886732528 91.42238802309824
-0.02939168420455305 0.0036319247822166004 0.9995613728140873 34.65961385275657 0.03114638234801782 0.9995111438978282 -0.002715895925325453 0.0 -0.9990825950672219 0.03105289594260828 -0.02949043721830128 91.4132370160335
-0.040678367057531264 0.005006541764456286 0.999159749486077 35.439432560533184 0.03151334413960087 0.9994963890551393 -0.0037252391692347724 0.0 -0.9986752122660679 0.031335328389689644 -0.04081565386023317 91.384319421085
-0.05093021203961466 0.005572835107073501 0.9986866660822379 36.21399707833146 0.0324434621853169 0.9994658746133811 -0.003922657865594017 0.0 -0.9981751025060853 0.03220107128916641 -0.05108381098547818 91.32967093352207
-0.061087944183487286 0.003881396665288325 0.9981248408066739 36.98206505868732 0.03364418688893836 0.9994322035160547 -0.0018273652118166919 0.0 -0.9975652017607778 0.033469468698529965 -0.06118384509836388 91.27877604811026
-0.07132653129023127 0.003472412352558213 0.9974469751753943 37.743279155487826 0.03462606329421053 0.9993998346338636 -0.0010031323657488747 0.0 -0.9968518253355677 0.034466112142968915 -0.07140395954636583 91.24601283959551
-0.08160852984150789 0.0034278714589993623 0.9966585661872146 38.496725501066436 0.036118536065215895 0.9993473976961698 -0.0004796565344424727 0.0 -0.9960097887117463 0.035958704302935275 -0.08167908162583822 91.19849693953837
-0.09223605913483063 0.003275305689745974 0.9957317820416806 39.24317256395885 0.036997372352638024 0.9993153530450978 0.0001400262249185216 0.0 -0.9950495986805283 0.03685237497071463 -0.09229408770198225 91.15923052808672
