1.000000000000000000e+00 0.000000000000000000e+00 0.000000000000000000e+00 0.000000000000000000e+00 0.000000000000000000e+00 1.000000000000000000e+00 0.000000000000000000e+00 0.000000000000000000e+00 0.000000000000000000e+00 0.000000000000000000e+00 1.000000000000000000e+00 0.000000000000000000e+00
9.989821366724085383e-01 -1.012494115925149539e-03 4.509618016079373903e-02 5.515171749718047328e-02 1.158145411450090109e-03 9.999941972227324172e-01 -3.203782150620097628e-03 0.000000000000000000e+00 -4.509267466712843508e-02 3.252749072386533491e-03 9.989775124169897325e-01 1.000826592015976679e+00
9.989821366724085383e-01 -1.012494115925149539e-03 4.509618016079373903e-02 5.515171749718047328e-02 1.158145411450090109e-03 9.999941972227324172e-01 -3.203782150620097628e-03 0.000000000000000000e+00 -4.509267466712843508e-02 3.252749072386533491e-03 9.989775124169897325e-01 1.000826592015976679e+00
9.989821366724085383e-01 -1.012494115925149539e-03 4.509618016079373903e-02 5.515171749718047328e-02 1.158145411450090109e-03 9.999941972227324172e-01 -3.203782150620097628e-03 0.000000000000000000e+00 -4.509267466712843508e-02 3.252749072386533491e-03 9.989775124169897325e-01 1.000826592015976679e+00
9.989821366724085383e-01 -1.012494115925149539e-03 4.509618016079373903e-02 5.515171749718047328e-02 1.158145411450090109e-03 9.999941972227324172e-01 -3.203782150620097628e-03 0.000000000000000000e+00 -4.509267466712843508e-02 3.252749072386533491e-03 9.989775124169897325e-01 1.000826592015976679e+00
9.989821366724085383e-01 -1.012494115925149539e-03 4.509618016079373903e-02 5.515171749718047328e-02 1.158145411450090109e-03 9.999941972227324172e-01 -3.203782150620097628e-03 0.000000000000000000e+00 -4.509267466712843508e-02 3.252749072386533491e-03 9.989775124169897325e-01 1.000826592015976679e+00
9.957969924428035080e-01 -2.199661611440473664e-03 9.156151664680538260e-02 1.710152716406969919e-01 2.711356973452415733e-03 9.999813935675638810e-01 -5.464527613143406980e-03 0.000000000000000000e+00 -9.154779290201692232e-02 5.689816118949080938e-03 9.957844282811928460e-01 1.986436233966319520e+00
9.957969924428035080e-01 -2.199661611440473664e-03 9.156151664680538260e-02 1.710152716406969919e-01 2.711356973452415733e-03 9.999813935675638810e-01 -5.464527613143406980e-03 0.000000000000000000e+00 -9.154779290201692232e-02 5.689816118949080938e-03 9.957844282811928460e-01 1.986436233966319520e+00
9.908372770111838479e-01 -5.664317205246290760e-03 1.349422320686214649e-01 3.243210495119358550e-01 6.747427403359330597e-03 9.999485787515317581e-01 -7.570473976390612765e-03 0.000000000000000000e+00 -1.348924116045811528e-01 8.411620734981225048e-03 9.908245464905031108e-01 2.962155378136907213e+00
9.836516316734417176e-01 -6.100075218219896955e-03 1.799784892383173018e-01 5.005619107917133048e-01 7.846612837481656277e-03 9.999287684631833484e-01 -8.993812688738040892e-03 0.000000000000000000e+00 -1.799108061600351305e-01 1.025900005037046377e-02 9.836294295845426916e-01 3.933640169029076983e+00
9.741668112066855789e-01 -5.428951044078446191e-03 2.257643692745997244e-01 7.282861826355014889e-01 7.621313799390704025e-03 9.999318790372121457e-01 -8.840410685107814165e-03 0.000000000000000000e+00 -2.257009958315826237e-01 1.033265578983228947e-02 9.741418257650992230e-01 4.891813995186432784e+00
9.623642245220078717e-01 -4.619780767704659806e-03 2.717236776319129077e-01 9.813081552288033249e-01 7.239154515249635741e-03 9.999364856567951598e-01 -8.638246016527630425e-03 0.000000000000000000e+00 -2.716665124781810770e-01 1.028018861675530742e-02 9.623365438971680508e-01 5.840319903347806374e+00
9.484428944441509746e-01 -4.790171471305896406e-03 3.169118650913453905e-01 1.297969300528683423e+00 7.725827701971857593e-03 9.999380948673566305e-01 -8.007372812622147104e-03 0.000000000000000000e+00 -3.168538899314936041e-01 1.004294231370312686e-02 9.484211890004168310e-01 6.767449589673581123e+00
9.325210104566116209e-01 -6.713115574072490467e-03 3.610533189658663988e-01 1.618449127302794111e+00 1.012853310310874409e-02 9.999200650750029729e-01 -7.568109247406243877e-03 0.000000000000000000e+00 -3.609736526038400672e-01 1.071436137577045158e-02 9.325144634729006787e-01 7.689479511699431669e+00
9.325210104566116209e-01 -6.713115574072490467e-03 3.610533189658663988e-01 1.618449127302794111e+00 1.012853310310874409e-02 9.999200650750029729e-01 -7.568109247406243877e-03 0.000000000000000000e+00 -3.609736526038400672e-01 1.071436137577045158e-02 9.325144634729006787e-01 7.689479511699431669e+00
9.145334798429569645e-01 -6.128280419101798243e-03 4.044637912414847380e-01 1.962379418703281253e+00 1.065715613267939794e-02 9.999031856009766850e-01 -8.946756293873248805e-03 0.000000000000000000e+00 -4.043698050911989639e-01 1.249254194001884685e-02 9.145102498749715370e-01 8.593099216320233324e+00
9.145334798429569645e-01 -6.128280419101798243e-03 4.044637912414847380e-01 1.962379418703281253e+00 1.065715613267939794e-02 9.999031856009766850e-01 -8.946756293873248805e-03 0.000000000000000000e+00 -4.043698050911989639e-01 1.249254194001884685e-02 9.145102498749715370e-01 8.593099216320233324e+00
9.145334798429569645e-01 -6.128280419101798243e-03 4.044637912414847380e-01 1.962379418703281253e+00 1.065715613267939794e-02 9.999031856009766850e-01 -8.946756293873248805e-03 0.000000000000000000e+00 -4.043698050911989639e-01 1.249254194001884685e-02 9.145102498749715370e-01 8.593099216320233324e+00
9.145334798429569645e-01 -6.128280419101798243e-03 4.044637912414847380e-01 1.962379418703281253e+00 1.065715613267939794e-02 9.999031856009766850e-01 -8.946756293873248805e-03 0.000000000000000000e+00 -4.043698050911989639e-01 1.249254194001884685e-02 9.145102498749715370e-01 8.593099216320233324e+00
9.145334798429569645e-01 -6.128280419101798243e-03 4.044637912414847380e-01 1.962379418703281253e+00 1.065715613267939794e-02 9.999031856009766850e-01 -8.946756293873248805e-03 0.000000000000000000e+00 -4.043698050911989639e-01 1.249254194001884685e-02 9.145102498749715370e-01 8.593099216320233324e+00
9.145334798429569645e-01 -6.128280419101798243e-03 4.044637912414847380e-01 1.962379418703281253e+00 1.065715613267939794e-02 9.999031856009766850e-01 -8.946756293873248805e-03 0.000000000000000000e+00 -4.043698050911989639e-01 1.249254194001884685e-02 9.145102498749715370e-01 8.593099216320233324e+00
9.145334798429569645e-01 -6.128280419101798243e-03 4.044637912414847380e-01 1.962379418703281253e+00 1.065715613267939794e-02 9.999031856009766850e-01 -8.946756293873248805e-03 0.000000000000000000e+00 -4.043698050911989639e-01 1.249254194001884685e-02 9.145102498749715370e-01 8.593099216320233324e+00
9.145334798429569645e-01 -6.128280419101798243e-03 4.044637912414847380e-01 1.962379418703281253e+00 1.065715613267939794e-02 9.999031856009766850e-01 -8.946756293873248805e-03 0.000000000000000000e+00 -4.043698050911989639e-01 1.249254194001884685e-02 9.145102498749715370e-01 8.593099216320233324e+00
9.145334798429569645e-01 -6.128280419101798243e-03 4.044637912414847380e-01 1.962379418703281253e+00 1.065715613267939794e-02 9.999031856009766850e-01 -8.946756293873248805e-03 0.000000000000000000e+00 -4.043698050911989639e-01 1.249254194001884685e-02 9.145102498749715370e-01 8.593099216320233324e+00
9.006605577121579165e-01 -8.789734816295805692e-03 4.344344603544737504e-01 2.744162708310320831e+00 1.438195161757213278e-02 9.998506152415492787e-01 -9.586796585129840273e-03 0.000000000000000000e+00 -4.342852970678300339e-01 1.488246494886035984e-02 9.006524262931581148e-01 9.151235141529859618e+00
8.850985000642161982e-01 -9.186037980663043154e-03 4.653130794317863472e-01 3.475101283290617182e+00 1.699684431395937639e-02 9.997762310604488833e-01 -1.259345424930437447e-02 0.000000000000000000e+00 -4.650932728684011863e-01 1.905530143503865459e-02 8.850565761688790056e-01 9.779219899503003077e+00
8.850985000642161982e-01 -9.186037980663043154e-03 4.653130794317863472e-01 3.475101283290617182e+00 1.699684431395937639e-02 9.997762310604488833e-01 -1.259345424930437447e-02 0.000000000000000000e+00 -4.650932728684011863e-01 1.905530143503865459e-02 8.850565761688790056e-01 9.779219899503003077e+00
8.850985000642161982e-01 -9.186037980663043154e-03 4.653130794317863472e-01 3.475101283290617182e+00 1.699684431395937639e-02 9.997762310604488833e-01 -1.259345424930437447e-02 0.000000000000000000e+00 -4.650932728684011863e-01 1.905530143503865459e-02 8.850565761688790056e-01 9.779219899503003077e+00
8.748640787332749857e-01 -2.948345829659740000e-03 4.843595265905746294e-01 4.173491867990042792e+00 1.413827450027788958e-02 9.997108301161423682e-01 -1.945161542510828040e-02 0.000000000000000000e+00 -4.841621143133073568e-01 2.386552755252373259e-02 8.746527789118991869e-01 1.047693887648276423e+01
8.581619957643129570e-01 -2.322273984502145738e-03 5.133737391699646491e-01 4.703472266983065531e+00 1.448889913671568691e-02 9.997009929986327981e-01 -1.969762420575268957e-02 0.000000000000000000e+00 -5.131744935473864233e-01 2.434197282649665575e-02 8.579390465128028387e-01 1.131668788172349949e+01
8.401537513764113507e-01 1.545164057397684608e-03 5.423460947736028492e-01 5.216632541356811537e+00 1.330742821116969420e-02 9.996361415336796341e-01 -2.346267022439622874e-02 0.000000000000000000e+00 -5.421850112300663493e-01 2.692948212814242487e-02 8.398274921611953436e-01 1.216656425631728489e+01
8.223253818854378006e-01 2.853284453976588295e-03 5.690103910077498606e-01 5.781175729072386638e+00 1.378493878288254530e-02 9.995940476282950682e-01 -2.493422164077115435e-02 0.000000000000000000e+00 -5.688505443169764586e-01 2.834781673962960200e-02 8.219522245948213124e-01 1.299268735677470410e+01
8.042161981559562411e-01 1.805616556264664661e-03 5.943341201482802427e-01 6.378487841143842374e+00 1.579042429116098503e-02 9.995774792128199193e-01 -2.440339220778132631e-02 0.000000000000000000e+00 -5.941270647969879581e-01 2.901039123130627270e-02 8.038478886433189086e-01 1.381397138381631784e+01
7.849134381086229073e-01 5.386501823896097099e-04 6.196052005369878657e-01 6.989291792403582448e+00 1.797424660320390624e-02 9.995589727143642245e-01 -2.363866589402910390e-02 0.000000000000000000e+00 -6.193446707089258485e-01 2.969124319026341871e-02 7.845575880343447217e-01 1.463965317635284258e+01
7.655979776004742110e-01 3.890296519519106239e-03 6.433075487564657857e-01 7.663469657069971852e+00 1.594458695100348447e-02 9.995597812646151992e-01 -2.502026828782567131e-02 0.000000000000000000e+00 -6.431216889835273953e-01 2.941273994756560609e-02 7.651989178558420424e-01 1.543068250104686179e+01
7.454796081330499202e-01 3.937429625094255974e-03 6.665168043686071631e-01 8.298845481400890733e+00 1.680710145893700436e-02 9.995535397338252137e-01 -2.470308778527518720e-02 0.000000000000000000e+00 -6.663164977683971868e-01 2.961786375695358436e-02 7.450806043295797876e-01 1.627011521014989270e+01
7.267329729969946861e-01 2.352380619678110310e-03 6.869160445530205772e-01 9.021553425905450396e+00 1.918684127567865660e-02 9.995344584771332919e-01 -2.372196110534114527e-02 0.000000000000000000e+00 -6.866520596931243725e-01 3.041928043596021924e-02 7.263495138684599173e-01 1.705133067928372270e+01
7.091951159750937705e-01 -1.455587892590144315e-03 7.050107578902311545e-01 9.778801518954040262e+00 2.298510074147852231e-02 9.995140070606672866e-01 -2.105789242611256010e-02 0.000000000000000000e+00 -7.046374760264856318e-01 3.113889775526190035e-02 7.088839089904712676e-01 1.781826889067661313e+01
6.934123284777828911e-01 -6.123826797068867255e-03 7.205149835085847831e-01 1.054833911880230701e+01 2.770933421811480266e-02 9.994508264392030217e-01 -1.817246068040921994e-02 0.000000000000000000e+00 -7.200080107278018504e-01 3.256599876177330988e-02 6.932012119236673486e-01 1.859355166541146787e+01
6.792087073658911178e-01 -1.131882894024148489e-02 7.338578990170877558e-01 1.138165123338215068e+01 3.137503590331550130e-02 9.994148272914640252e-01 -1.362388021222072677e-02 0.000000000000000000e+00 -7.332742590330163512e-01 3.227827599784403173e-02 6.791663816313254776e-01 1.931775165042563103e+01
6.661252198407354719e-01 -1.485872971174689861e-02 7.456918999449317909e-01 1.222817037871626233e+01 3.381940074860610712e-02 9.993749128751121535e-01 -1.029716703105784843e-02 0.000000000000000000e+00 -7.450727747174333837e-01 3.207805585152843919e-02 6.662113468769881308e-01 2.004530415187607773e+01
6.545492216727413215e-01 -1.762708016015693616e-02 7.558138675974616083e-01 1.308744111811581590e+01 3.587139830923895961e-02 9.993262930886247508e-01 -7.759041505609729807e-03 0.000000000000000000e+00 -7.551679013245641281e-01 3.219077487065948040e-02 6.547405553517203769e-01 2.077832878003517436e+01
6.439209780437906705e-01 -1.971614401695011634e-02 7.648379225039954044e-01 1.396608837352388832e+01 3.676783044347178842e-02 9.993103335418449529e-01 -5.194604986333174225e-03 0.000000000000000000e+00 -7.642080218628994892e-01 3.146634617471620599e-02 6.442018071837474213e-01 2.149738776999114620e+01
6.337016037841778360e-01 -2.028638536711402027e-02 7.733115413144269201e-01 1.484987595075916111e+01 3.641852205831068445e-02 9.993300395067268305e-01 -3.628138719706311410e-03 0.000000000000000000e+00 -7.727198513125225210e-01 3.046202075073638216e-02 6.340158489180957035e-01 2.222158097764734208e+01
6.241851688850984514e-01 -2.020577907009126969e-02 7.810151096080333311e-01 1.574204950510601009e+01 3.673521525757150741e-02 9.993188870526288348e-01 -3.505130507143695926e-03 0.000000000000000000e+00 -7.804123262121493987e-01 3.087860864843408257e-02 6.245022919286020713e-01 2.294641145094048085e+01
6.142661189648208619e-01 -2.135540330738586526e-02 7.888099148980518560e-01 1.663486521425035036e+01 4.035815344426598589e-02 9.991756896659343967e-01 -4.377285822395861337e-03 0.000000000000000000e+00 -7.880662120294605888e-01 3.452372995753821144e-02 6.146216376986368690e-01 2.368949317131335519e+01
6.061879600192635609e-01 -2.178946891929734939e-02 7.950228777663537194e-01 1.757052702530249633e+01 4.352567825072416879e-02 9.990354348237848736e-01 -5.806487687329425079e-03 0.000000000000000000e+00 -7.941295061011742762e-01 3.812373290568376455e-02 6.065516536362249855e-01 2.440849385693182327e+01
5.997837977762725536e-01 -2.345787587194682680e-02 7.998181818292477985e-01 1.855475547733620445e+01 4.658496342039250560e-02 9.988984238861947640e-01 -5.637370024569230385e-03 0.000000000000000000e+00 -7.988048804984787532e-01 4.064070394628807592e-02 6.002158745606110957e-01 2.510131650502743383e+01
5.932138201326693228e-01 -2.341966775298721243e-02 8.047042206711356727e-01 1.954791037821449962e+01 4.723908915372367068e-02 9.988670419038349069e-01 -5.753351562904640733e-03 0.000000000000000000e+00 -8.036577829272406603e-01 4.142646208185996048e-02 5.936480575053286746e-01 2.582346486018999343e+01
5.886001124354917069e-01 -2.404512973015323837e-02 8.080666676563149631e-01 2.055998129647138484e+01 4.840316897518378431e-02 9.988125374101557430e-01 -5.536094782716849752e-03 0.000000000000000000e+00 -8.069740026011261724e-01 4.237153346934452447e-02 5.890650322989570142e-01 2.656034474888303620e+01
5.858174330792998985e-01 -2.507573501517578601e-02 8.100550244358858398e-01 2.162676957259166599e+01 5.010861157329365295e-02 9.987295979617329955e-01 -5.321390926175718211e-03 0.000000000000000000e+00 -8.088924910929591316e-01 4.370809614523799708e-02 5.863297196840555614e-01 2.724821643278659877e+01
5.822341619641870913e-01 -2.419008687489536055e-02 8.126611965258589976e-01 2.267690963458785092e+01 5.121886264591577614e-02 9.986631353610487816e-01 -6.969230954399376239e-03 0.000000000000000000e+00 -8.114061922065396448e-01 4.568130654679469771e-02 5.826947824385074748e-01 2.800590648623031242e+01
5.796238478985407117e-01 -2.393323983176964820e-02 8.145326236428093170e-01 2.376892802762846202e+01 5.243300630511570776e-02 9.985926387629826539e-01 -7.970047565037214135e-03 0.000000000000000000e+00 -8.131955329421658440e-01 4.732802382876868941e-02 5.800629994779602505e-01 2.874025853518246620e+01
5.769858997944853352e-01 -2.382715579578967291e-02 8.164064784683088272e-01 2.484596552477659870e+01 5.167839489913693407e-02 9.986365284858330638e-01 -7.377497842149842271e-03 0.000000000000000000e+00 -8.151175467004700970e-01 4.644728862318527746e-02 5.774305451225795194e-01 2.953990062283133966e+01
5.744676175981228150e-01 -2.366220406250054906e-02 8.181852213466310753e-01 2.594650305707465776e+01 5.004761904681143125e-02 9.987272385579274436e-01 -6.256100238918865276e-03 0.000000000000000000e+00 -8.169958336239409036e-01 4.454214926739563651e-02 5.749206943394545855e-01 3.034728318366591182e+01
5.739534042565211935e-01 -2.446678950426602744e-02 8.185223674119715964e-01 2.709697957727504658e+01 5.000619096771376226e-02 9.987353130938061430e-01 -5.211069402251930147e-03 0.000000000000000000e+00 -8.173596947533238177e-01 4.392209683938929493e-02 5.744510238497115839e-01 3.111665413170777583e+01
5.733577219261690727e-01 -2.775596964477023906e-02 8.188348605529122137e-01 2.825621661579966570e+01 5.296011904905560674e-02 9.985913909972399249e-01 -3.234133037607438144e-03 0.000000000000000000e+00 -8.175916758981464083e-01 4.521990684724942755e-02 5.740200445339724844e-01 3.191043711444391562e+01
5.726106304372390321e-01 -2.745716366726294252e-02 8.193675427264685007e-01 2.941398490530653476e+01 5.256650118608422600e-02 9.986120648557631485e-01 -3.272136543602973541e-03 0.000000000000000000e+00 -8.181404701292541715e-01 4.494494507568064928e-02 5.732592110457750412e-01 3.274048765351508905e+01
5.727543755246503610e-01 -3.004442628784202707e-02 8.191762678242067164e-01 3.060063929882151612e+01 5.517459126442492146e-02 9.984748047829195006e-01 -1.956704502896680978e-03 0.000000000000000000e+00 -8.178680760343731704e-01 4.631842681636214043e-02 5.735385022307458724e-01 3.357067793240374698e+01
5.726517318184529692e-01 -3.080737631815284178e-02 8.192196894665757512e-01 3.178876492632855388e+01 5.587940831697661703e-02 9.984363774253340873e-01 -1.513922031636106506e-03 0.000000000000000000e+00 -8.178920991007719854e-01 4.664446160226580484e-02 5.734778186036185721e-01 3.442604839980619147e+01
5.734221398262298042e-01 -3.084203319175776031e-02 8.186793136177931141e-01 3.299916024911890133e+01 5.704030949559450725e-02 9.983691317857256164e-01 -2.340895140840709709e-03 0.000000000000000000e+00 -8.172719575818994109e-01 4.804004252717119366e-02 5.742462030037588372e-01 3.528969632158537451e+01
5.758368419708637109e-01 -3.136049488230396864e-02 8.169629433393869045e-01 3.426494953907118202e+01 5.729941775725532621e-02 9.983549051448887823e-01 -2.064000440090725010e-03 0.000000000000000000e+00 -8.155542337292458477e-01 4.800002847785045379e-02 5.766864738420908187e-01 3.611417213999880715e+01
5.772231644951631990e-01 -3.132980718245655799e-02 8.159852091503216887e-01 3.550574922927225430e+01 5.609866917543284565e-02 9.984243179643114141e-01 -1.349301390477447918e-03 0.000000000000000000e+00 -8.146572025624828628e-01 4.655453231864108837e-02 5.780712048127448766e-01 3.700954933277957082e+01
5.778146661363705583e-01 -3.350653328143570614e-02 8.154799346551507844e-01 3.675441820504781987e+01 5.738422711889237804e-02 9.983521025246970826e-01 3.603643733556510906e-04 0.000000000000000000e+00 -8.141481818905432766e-01 4.658746196107444587e-02 5.787852333226413126e-01 3.793107474873796292e+01
5.788563424651158584e-01 -3.522682540724873801e-02 8.146682794608055556e-01 3.802366024104892261e+01 5.876653933749035469e-02 9.982707580092224919e-01 1.409807783455118389e-03 0.000000000000000000e+00 -8.133091839160545566e-01 4.705915931483106024e-02 5.799255183921283585e-01 3.885356253412595606e+01
5.794992033063128822e-01 -3.565109605261131132e-02 8.141926508619379277e-01 3.932062252188941898e+01 5.953199089481185646e-02 9.982255019757657610e-01 1.337634228418104398e-03 0.000000000000000000e+00 -8.127955557379997753e-01 4.769535150805381124e-02 5.805932638405959523e-01 3.978755125073465848e+01
5.805729971971330672e-01 -3.621504248994664860e-02 8.134024007974051118e-01 4.063427162461161402e+01 5.981214433116605750e-02 9.982081140489831306e-01 1.751695544000970951e-03 0.000000000000000000e+00 -8.120083141914499203e-01 4.763435466365559257e-02 5.816987759482850073e-01 4.072711184285695651e+01
5.833249446547517092e-01 -3.839278154056195019e-02 8.113310072153676611e-01 4.201544710967417728e+01 5.944554705538931255e-02 9.982214210067458238e-01 4.496840953093045670e-03 0.000000000000000000e+00 -8.100606371616950740e-01 4.560689606683510783e-02 5.845697350636057665e-01 4.160200161072629754e+01
5.849085075865035899e-01 -4.203235689304665734e-02 8.100094559490880197e-01 4.336950711387692792e+01 5.986985495485570158e-02 9.981694526113502608e-01 8.564131084987628914e-03 0.000000000000000000e+00 -8.088866658689637390e-01 4.348591550803995037e-02 5.863542759559410289e-01 4.254580499963984863e+01
5.834869801560643721e-01 -4.673653210704294819e-02 8.107765663578074822e-01 4.465541085004148414e+01 6.367609715704165840e-02 9.979020572977558290e-01 1.169780713433208642e-02 0.000000000000000000e+00 -8.096223185159844293e-01 4.480156925279468044e-02 5.852388578634244443e-01 4.359529358131869969e+01
5.846924401935694737e-01 -4.684853074994315553e-02 8.099012072759570469e-01 4.605750460950721248e+01 6.537766297658810510e-02 9.978051403399195163e-01 1.051965279615174782e-02 0.000000000000000000e+00 -8.086164180649584310e-01 4.679868671025010085e-02 5.864719697973548307e-01 4.451566470674680431e+01
5.840991803514681280e-01 -4.355310674037588675e-02 8.105129699184313585e-01 4.739790579083030764e+01 6.302159088113155894e-02 9.979783951777059237e-01 8.209862443427974957e-03 0.000000000000000000e+00 -8.092319980052377071e-01 4.628444287004752911e-02 5.856631487063680419e-01 4.554599308392201351e+01
5.841744915240315583e-01 -4.413176351775664058e-02 8.104273878031537093e-01 4.878341075560596352e+01 6.301736365702763354e-02 9.979725659468282606e-01 8.920173497143017716e-03 0.000000000000000000e+00 -8.091779627068150793e-01 4.586005959780849184e-02 5.857711836573483710e-01 4.653972664662513381e+01
5.829265107170218396e-01 -4.517646426678784827e-02 8.112680014518145466e-01 5.013529901959741863e+01 6.318846995879998096e-02 9.979498048941484178e-01 1.016878439116240124e-02 0.000000000000000000e+00 -8.100641334903913027e-01 4.533512973490153031e-02 5.845860292928481972e-01 4.761265487281398379e+01
5.828598160310807241e-01 -4.690824049428656689e-02 8.112176353050621902e-01 5.152613361912219858e+01 6.430936895882821691e-02 9.978638070185278375e-01 1.149468166608409725e-02 0.000000000000000000e+00 -8.100239131780787583e-01 4.546910617351366396e-02 5.846313543280517999e-01 4.865539586792013438e+01
5.828563555959739295e-01 -4.858308537382393516e-02 8.111215399414140048e-01 5.294588098525793640e+01 6.502258196627005993e-02 9.977985834383649166e-01 1.304034979705164139e-02 0.000000000000000000e+00 -8.099694639773863392e-01 4.514056605704343944e-02 5.847322436126066725e-01 4.968765451976407377e+01
5.829377075467724323e-01 -4.954419928752958752e-02 8.110049330534693235e-01 5.437581908236758466e+01 6.624220463445928964e-02 9.977144435268128220e-01 1.333639768250720163e-02 0.000000000000000000e+00 -8.098120766235059609e-01 4.594846564291286267e-02 5.848872874834813995e-01 5.073340060053558886e+01
5.823428924024021125e-01 -4.892303205265172844e-02 8.114698346846725974e-01 5.580966364628962140e+01 6.699547164704112989e-02 9.976802589512844266e-01 1.207094352924359057e-02 0.000000000000000000e+00 -8.101779819565511076e-01 4.733537613320221160e-02 5.842696292972417993e-01 5.179097594454175635e+01
5.821131441761742131e-01 -4.959995093399868077e-02 8.115935757783351301e-01 5.727544721130193039e+01 6.767708883943286680e-02 9.976298666397025450e-01 1.242822733401690270e-02 0.000000000000000000e+00 -8.102864302353478543e-01 4.769165603952437577e-02 5.840902386794890599e-01 5.282934164629156015e+01
5.818956311799308168e-01 -4.912806742723457853e-02 8.117782378239553065e-01 5.874950325327942124e+01 6.752560121478796973e-02 9.976456969090676807e-01 1.197316246442182985e-02 0.000000000000000000e+00 -8.104552841423680043e-01 4.784868263269095173e-02 5.838430747863908588e-01 5.388100937475491037e+01
5.806337506075530674e-01 -4.939960981074793811e-02 8.126648301765883042e-01 6.018387814287806492e+01 6.700336600289714950e-02 9.976709879686559423e-01 1.277296793722355189e-02 0.000000000000000000e+00 -8.114031036418845044e-01 4.703486277422590234e-02 5.825913877531356810e-01 5.502073470676514688e+01
5.794933977325511520e-01 -4.935417462217726176e-02 8.134811414112428363e-01 6.168295747427246312e+01 6.610357430014827951e-02 9.977222149816052932e-01 1.344244014088732952e-02 0.000000000000000000e+00 -8.122916467926549755e-01 4.598420576199013093e-02 5.814359237020990667e-01 5.609332823530903056e+01
5.795127945518292467e-01 -4.675084389317605421e-02 8.136210908930499031e-01 6.318919134657786429e+01 6.374096291760814048e-02 9.978950608922155796e-01 1.193888995068514980e-02 0.000000000000000000e+00 -8.124666212202570348e-01 4.494225230443131547e-02 5.812728992140796525e-01 5.718512778666378438e+01
5.788813188447921032e-01 -4.612846342157826685e-02 8.141060026525225313e-01 6.475369805830780479e+01 6.474185364972939727e-02 9.978467620159614526e-01 1.050390024015618144e-02 0.000000000000000000e+00 -8.128375674625935021e-01 4.662622005506195794e-02 5.806212918287342317e-01 5.821257910909137934e+01
5.763648625099651035e-01 -4.432979916218784955e-02 8.159892242977844212e-01 6.626849699676327532e+01 6.428875799219749276e-02 9.978925166856611462e-01 8.802314387411250968e-03 0.000000000000000000e+00 -8.146597454518573755e-01 4.738558904345335776e-02 5.780000909094372696e-01 5.934404371010190715e+01
5.722611217589834709e-01 -4.465005535239914558e-02 8.188550427762951722e-01 6.780583303971953057e+01 6.549316528045018293e-02 9.978156287467757624e-01 8.638074451011933455e-03 0.000000000000000000e+00 -8.174520498626771658e-01 4.868617448210624948e-02 5.739353644702537283e-01 6.046683106429673416e+01
5.700846296006538694e-01 -4.233409568245458110e-02 8.204945700221449867e-01 6.939888753621615081e+01 6.384072724440216506e-02 9.979346127598381910e-01 7.132334875393058111e-03 0.000000000000000000e+00 -8.191018719536578008e-01 4.831493556467248568e-02 5.716098235364688307e-01 6.152976648850515318e+01
5.665049512947546440e-01 -4.241193218750004268e-02 8.229662011083087592e-01 7.098035790068509243e+01 6.314308335212792667e-02 9.979726984213629359e-01 7.965188658526252408e-03 0.000000000000000000e+00 -8.216356194708878125e-01 4.745230461951607803e-02 5.680344950819319338e-01 6.262810802628505513e+01
5.630645654822670210e-01 -4.093894163709946993e-02 8.253982663877424963e-01 7.257754375764076826e+01 6.359723801903685581e-02 9.979569220465585033e-01 6.113350611963675948e-03 0.000000000000000000e+00 -8.239621874907923083e-01 4.905083890199762181e-02 5.645177842977111560e-01 6.371335707544555760e+01
5.586426724084184725e-01 -4.162847167075234278e-02 8.283631057155602662e-01 7.417835186557772431e+01 6.488999048854449114e-02 9.978719926252743733e-01 6.385567199283883645e-03 0.000000000000000000e+00 -8.268661643209092027e-01 5.018522372589449138e-02 5.601551478124677796e-01 6.481830622069776382e+01
5.538723425358891284e-01 -4.071392156634824622e-02 8.316055584016299740e-01 7.578896448629302540e+01 6.463536740129678659e-02 9.978920577299278394e-01 5.806065830232351628e-03 0.000000000000000000e+00 -8.300889696018747266e-01 5.053531151794367349e-02 5.553363708916254637e-01 6.592402653550371383e+01
5.500223849336762783e-01 -3.928182550630542752e-02 8.342255775608621304e-01 7.741596012723887554e+01 6.491594603350002435e-02 9.978819489177136459e-01 4.187597730955746819e-03 0.000000000000000000e+00 -8.326231416568016241e-01 5.185127008158543771e-02 5.514074262906534241e-01 6.703122330726706934e+01
5.465924697195522208e-01 -3.921170878553574546e-02 8.364801933937165979e-01 7.907934681077030348e+01 6.505781026034769543e-02 9.978723791868540083e-01 4.265698077765184976e-03 0.000000000000000000e+00 -8.348677460352655899e-01 5.208797126094603241e-02 5.479805561148246573e-01 6.810398551934807188e+01
5.441746501545214887e-01 -3.706158844951602110e-02 8.381529626451209580e-01 8.077715753183676384e+01 6.383160755398659125e-02 9.979570718979905442e-01 2.684869802723549841e-03 0.000000000000000000e+00 -8.365401819436252273e-01 5.203961289616931829e-02 5.454286412385596083e-01 6.914182345083750647e+01
5.407932961030467167e-01 -3.649545906645684096e-02 8.403634287363545008e-01 8.247467702177229398e+01 6.358734561730934598e-02 9.979733422759854422e-01 2.420244582360351997e-03 0.000000000000000000e+00 -8.387486276396182161e-01 5.212762774213781231e-02 5.420179425615283542e-01 7.020169286203937986e+01
5.349813844066861890e-01 -3.760212197264157369e-02 8.440266576130467380e-01 8.415842662352783066e+01 6.411938320129162427e-02 9.979349347013791727e-01 3.817171784805761890e-03 0.000000000000000000e+00 -8.424272212103470769e-01 5.207635284564507416e-02 5.362876377822882734e-01 7.129790110260671554e+01
5.315896296500377538e-01 -3.819500626856116993e-02 8.461404181013180148e-01 8.586025653309491190e+01 6.570463455275614428e-02 9.978320191367179293e-01 3.763320850274855418e-03 0.000000000000000000e+00 -8.444497419306968844e-01 5.359480461461382794e-02 5.329467424344563886e-01 7.237901709685296225e+01
5.275817335233873306e-01 -3.778833448665173955e-02 8.486633939490829670e-01 8.755585798318921320e+01 6.658363664652937330e-02 9.977762304112683944e-01 3.035351247271002220e-03 0.000000000000000000e+00 -8.468908629707705416e-01 5.490569918503088870e-02 5.289245980417475179e-01 7.348817659251595558e+01
5.228748952570819730e-01 -3.880958477539220991e-02 8.515254899528562627e-01 8.925538587554389380e+01 6.790115926926054701e-02 9.976849048580713752e-01 3.776663636506389678e-03 0.000000000000000000e+00 -8.497006981754117172e-01 5.584484531176690802e-02 5.242996059242464035e-01 7.461946305721252770e+01
5.179250577348865070e-01 -3.834823904087379665e-02 8.545659992842993269e-01 9.099507597367805545e+01 6.766595858941025499e-02 9.977009429452474709e-01 3.761182570975719897e-03 0.000000000000000000e+00 -8.527455380232058513e-01 5.587701681926778019e-02 5.193291888319873095e-01 7.570339112879142363e+01
5.138440694903310124e-01 -3.792191478501105717e-02 8.570450400233636801e-01 9.276588584156438344e+01 6.886970342754399066e-02 9.976215894666411454e-01 2.850996290191595318e-03 0.000000000000000000e+00 -8.551147503109827186e-01 5.755947019460529862e-02 5.152336083676022360e-01 7.674510924282868984e+01
5.111050746974808989e-01 -3.765916970880574255e-02 8.586928377221511033e-01 9.452046972428964011e+01 7.111150128729371023e-02 9.974673635220336898e-01 1.418835107329652345e-03 0.000000000000000000e+00 -8.565715130700680691e-01 6.033776301155621691e-02 5.124886314364572870e-01 7.784151252710742597e+01
4.977372471646271390e-01 -3.794874436100111048e-02 8.664972738482197290e-01 9.612174511635430463e+01 7.254560566848342051e-02 9.973630745980982537e-01 2.008115139208010557e-03 0.000000000000000000e+00 -8.642885906242009364e-01 6.186105584003253471e-02 4.991777658181361099e-01 7.916093367577568074e+01
4.934274282583204219e-01 -3.891907242709569115e-02 8.689158065335150782e-01 9.788995098897942171e+01 7.384811696445345297e-02 9.972657575625269999e-01 2.732107983640847705e-03 0.000000000000000000e+00 -8.666463111691991017e-01 6.281969909706025534e-02 4.949523782569102970e-01 8.027371149248654092e+01
4.901090223676672353e-01 -3.955845872616038650e-02 8.707630415543681224e-01 9.971708532655284785e+01 7.460846996885270310e-02 9.972074127655244924e-01 3.309400910463296437e-03 0.000000000000000000e+00 -8.684622745996005699e-01 6.334433099094888275e-02 4.916917462481897871e-01 8.129666518679745479e+01
4.876699211530123867e-01 -3.751399774090555250e-02 8.722217309698856447e-01 1.015242221739138557e+02 7.339800044034565374e-02 9.973010023014302616e-01 1.855893292179236270e-03 0.000000000000000000e+00 -8.699372285021311768e-01 6.311426765834420027e-02 4.891071535808678150e-01 8.237779557380197559e+01
4.837082674022959439e-01 -3.711901153092941191e-02 8.744418168349620268e-01 1.033443333162753248e+02 7.273319481417174492e-02 9.973492165110386942e-01 2.103020905941381958e-03 0.000000000000000000e+00 -8.722019229621018610e-01 6.258369841879485307e-02 4.851258458105836002e-01 8.345273624860560346e+01
4.802652557365501562e-01 -3.622334819861442595e-02 8.763750071616500659e-01 1.052018812535029326e+02 7.302699873058884905e-02 9.973292386475607341e-01 1.202994209725952082e-03 0.000000000000000000e+00 -8.740779951404246129e-01 6.342128021373300006e-02 4.816278642555306133e-01 8.449364769956707732e+01
4.793137498575213984e-01 -3.734842277589648513e-02 8.768485755896902045e-01 1.071050309755658674e+02 7.484125525617178754e-02 9.971942344078584819e-01 1.563769610440276245e-03 0.000000000000000000e+00 -8.744467483553228782e-01 6.487491179082827131e-02 4.807641106727201796e-01 8.544499610300194092e+01
4.746006495117753854e-01 -3.661212145170392868e-02 8.794394669593812441e-01 1.089575872517366690e+02 7.405092410876980280e-02 9.972532500284689849e-01 1.554331458308790600e-03 0.000000000000000000e+00 -8.770807740006810738e-01 6.438561850639919204e-02 4.760082016183246334e-01 8.652119297591282532e+01
4.728697924047594592e-01 -3.775755462638707982e-02 8.803229671545038659e-01 1.108738933969646894e+02 7.421111023650986405e-02 9.972383101989347187e-01 2.909259188669249471e-03 0.000000000000000000e+00 -8.780016347072140404e-01 6.395404397063966795e-02 4.743659027704862363e-01 8.750128942252499087e+01
4.684189271238727859e-01 -3.773958270741960275e-02 8.827000807800939874e-01 1.127618542138185376e+02 7.578986130661599652e-02 9.971208937379377746e-01 2.412507900213050737e-03 0.000000000000000000e+00 -8.802497404914355617e-01 6.576965233536942457e-02 4.699305769966898860e-01 8.854024956934043189e+01
4.642034213234513818e-01 -3.617840221790877275e-02 8.849894388322133709e-01 1.146714666490558301e+02 7.514741032269925403e-02 9.971715255555501090e-01 1.347346650788532572e-03 0.000000000000000000e+00 -8.825350136699334769e-01 6.587922156617800895e-02 4.656091470455036019e-01 8.956206055271961475e+01
4.627082710642659302e-01 -3.644225244953987891e-02 8.857612647463849465e-01 1.166209601700005010e+02 7.424889071019988296e-02 9.972372210598333675e-01 2.242133170664520597e-03 0.000000000000000000e+00 -8.833958105611650069e-01 6.472933777859182780e-02 4.641357072168910136e-01 9.054494610534526089e+01
4.573508950422404684e-01 -3.693973067474456279e-02 8.885187758858743567e-01 1.185189060229134412e+02 7.485844109037741168e-02 9.971898792710559567e-01 2.925487460977053023e-03 0.000000000000000000e+00 -8.861299975746081969e-01 6.517515613363739080e-02 4.588309344642939047e-01 9.161884213848371417e+01
4.531855516080006696e-01 -3.844607045566241638e-02 8.905867478692146566e-01 1.204569217371114433e+02 7.562293637796800583e-02 9.971260423274325158e-01 4.563683380140555988e-03 0.000000000000000000e+00 -8.882026949448651454e-01 6.528058960318494641e-02 4.547905202549145098e-01 9.264730699913965850e+01
4.495251097917800642e-01 -3.883027823447839783e-02 8.924233217251301697e-01 1.224160076616217907e+02 7.758051547278339843e-02 9.969768117860288159e-01 4.301206799417467246e-03 0.000000000000000000e+00 -8.898923751137891580e-01 6.730116086062711001e-02 4.511785837793588216e-01 9.364965810288231296e+01
4.458784403523191608e-01 -3.864596795723206080e-02 8.942588582673502984e-01 1.243240214163699022e+02 7.756601737005440478e-02 9.969774622758645899e-01 4.410517352360349315e-03 0.000000000000000000e+00 -8.917263758453752853e-01 6.739754353547634802e-02 4.475283697678318351e-01 9.475639619200651964e+01
4.412146001814243879e-01 -3.815277627537730365e-02 8.965902309579439899e-01 1.262947730516030020e+02 7.886106724183321315e-02 9.968790703836002409e-01 3.612631256868066142e-03 0.000000000000000000e+00 -8.939298678644876928e-01 6.911211683634659042e-02 4.428463691238483380e-01 9.578392535579108369e+01
4.393036852653289803e-01 -3.846561891588812232e-02 8.975147175805591182e-01 1.283229708539802232e+02 7.995088818571191580e-02 9.967923494258246198e-01 3.587144330893596387e-03 0.000000000000000000e+00 -8.947737857082157520e-01 7.018125310617730206e-02 4.409699129439916820e-01 9.670587314020843905e+01
4.353163843315699943e-01 -3.838325686369590400e-02 8.994589324282775689e-01 1.303196368482143441e+02 7.983729498838103289e-02 9.968002874544582559e-01 3.897853208868534616e-03 0.000000000000000000e+00 -8.967305346989264958e-01 7.011356875267422961e-02 4.369879124361890077e-01 9.771325690796523133e+01
4.326377082912670202e-01 -3.796928780494211036e-02 9.007679759783083773e-01 1.323610068461693174e+02 7.982804899544292121e-02 9.968018707532048106e-01 3.676010946971410964e-03 0.000000000000000000e+00 -8.980267790873818212e-01 7.031616916817447216e-02 4.342850911503323141e-01 9.864864754742262676e+01
4.292479786924144336e-01 -3.857948260560908893e-02 9.023623420280526553e-01 1.344063546900006827e+02 8.104447040706289074e-02 9.967022152131400636e-01 4.060542531195542731e-03 0.000000000000000000e+00 -8.995431988542356150e-01 7.138849845103373282e-02 4.309590649748453739e-01 9.959902378620758157e+01
4.259435822225106638e-01 -3.981256320424746836e-02 9.038733454276409729e-01 1.364435509563299149e+02 8.154458653618719410e-02 9.966546732729003599e-01 5.471987748532042110e-03 0.000000000000000000e+00 -9.010674476253666132e-01 7.137522017049342804e-02 4.277651607781042808e-01 1.005841157476805989e+02
4.236566117554523836e-01 -4.054702486425732638e-02 9.049149209127557159e-01 1.385194564197040563e+02 8.144669234144874537e-02 9.966563298232465895e-01 6.526601710174491193e-03 0.000000000000000000e+00 -9.021538181610285756e-01 7.093728919196137794e-02 4.255424648370245144e-01 1.015027827566375862e+02
4.221411882650854541e-01 -4.035897707746770313e-02 9.056312550588088151e-01 1.405992154863195367e+02 8.118785201826213271e-02 9.966771477165035087e-01 6.572359115693718334e-03 0.000000000000000000e+00 -9.028872298658328077e-01 7.075179283202741309e-02 4.240151341122779804e-01 1.024393534908549412e+02
4.208962246575606581e-01 -3.837862222317978134e-02 9.062965571076905258e-01 1.427346225979378289e+02 8.147876626454397808e-02 9.966655166256315201e-01 4.365617637967690416e-03 0.000000000000000000e+00 -9.034420726958726222e-01 7.200645336082311943e-02 4.226197959837865170e-01 1.032583681140688441e+02
4.170202800228005602e-01 -3.652576788126991186e-02 9.081629558236669064e-01 1.448085064133590549e+02 8.207388108198637733e-02 9.966233677849554162e-01 2.396002734351996687e-03 0.000000000000000000e+00 -9.051839393702471037e-01 7.353727670812582051e-02 4.186099674404674675e-01 1.042397426951582418e+02
4.147630322954239390e-01 -3.593751900101398167e-02 9.092195124221363889e-01 1.468813658001995179e+02 8.374144302468931877e-02 9.964868107153893595e-01 1.186081954788555147e-03 0.000000000000000000e+00 -9.060678770165302431e-01 7.564741104831899932e-02 4.163153509545866049e-01 1.052485897994756954e+02
4.099448887743691872e-01 -3.359916408675225896e-02 9.114912420536093185e-01 1.489704285837132147e+02 8.441174850017536813e-02 9.964301950049786472e-01 -1.234178865676540489e-03 0.000000000000000000e+00 -9.081959286865954883e-01 7.744651480216309392e-02 4.113176296514496344e-01 1.062459490528024588e+02
4.052270515655382876e-01 -3.125180391075563918e-02 9.136817615733686671e-01 1.510445024125997691e+02 8.519133877061171867e-02 9.963577267104009039e-01 -3.703541945495322524e-03 0.000000000000000000e+00 -9.102381405313479945e-01 7.933854786165241146e-02 4.064134869135556660e-01 1.072837127642241626e+02
4.038665698559728567e-01 -3.239507867013464298e-02 9.142441427926768505e-01 1.532221527399909462e+02 8.522375372662503723e-02 9.963590833998632323e-01 -2.342803302891591222e-03 0.000000000000000000e+00 -9.108395608193072812e-01 7.886149760516242280e-02 4.051569555640858189e-01 1.080974624411271066e+02
