1.000000000000000000e+00 0.000000000000000000e+00 0.000000000000000000e+00 0.000000000000000000e+00 0.000000000000000000e+00 1.000000000000000000e+00 0.000000000000000000e+00 0.000000000000000000e+00 0.000000000000000000e+00 0.000000000000000000e+00 1.000000000000000000e+00 0.000000000000000000e+00
9.999976135504605734e-01 -1.501296696072043592e-03 -1.587136293444129514e-03 2.704746202566778168e-02 1.505844199310433281e-03 9.999947537095705830e-01 2.867923740664617832e-03 0.000000000000000000e+00 1.582822362429719271e-03 -2.870306876490185538e-03 9.999946279914726510e-01 1.529049557361377598e+00
9.999961837450128677e-01 -1.236324449566315832e-03 -2.470626897250729950e-03 -9.788083855993487403e-03 1.245408082125664057e-03 9.999924587666163545e-01 3.678500863895436870e-03 0.000000000000000000e+00 2.466060445120888452e-03 -3.681563764503789811e-03 9.999901822688704867e-01 3.052326816552789701e+00
9.999961910197332493e-01 -1.389264458176540787e-04 -2.756564069131078876e-03 -5.208533599012982879e-02 1.467380262666974930e-04 9.999959739842340101e-01 2.833810733640716294e-03 0.000000000000000000e+00 2.756159279907311084e-03 -2.834204432482204453e-03 9.999921854050953796e-01 4.565907426496503163e+00
9.999936688565885801e-01 -1.903555424354017608e-04 -3.553309936640027845e-03 -8.477932265378118615e-02 2.010197415665657573e-04 9.999954765277156987e-01 3.001085665161610377e-03 0.000000000000000000e+00 3.552722590051298965e-03 -3.001780950302907446e-03 9.999891836781659160e-01 6.078849506984846052e+00
9.999886086655164208e-01 1.562006957401285102e-03 -4.510285297891651612e-03 -1.332461606100381335e-01 -1.547440551685349717e-03 9.999935820982795986e-01 3.231283025238895334e-03 0.000000000000000000e+00 4.515303637890606681e-03 -3.224266818243381408e-03 9.999846079498135865e-01 7.614155643810902596e+00
9.999781057589295363e-01 1.673976117061189064e-03 -6.402015834184890050e-03 -1.466526468349728662e-01 -1.649195269373170472e-03 9.999911356720317945e-01 3.874110520173265192e-03 0.000000000000000000e+00 6.408444253102485270e-03 -3.863467525235272579e-03 9.999720023385337830e-01 9.098129633092552737e+00
9.999753140572837928e-01 3.560461977710723588e-04 -7.017443062823522371e-03 -1.893484524191815233e-01 -3.359774752379083239e-04 9.999958514470435045e-01 2.860805452591578917e-03 0.000000000000000000e+00 7.018432529493291022e-03 -2.858377128109041657e-03 9.999712852302423682e-01 1.059795394935294155e+01
9.999553608864357734e-01 -1.276686552155323166e-03 -9.361960581183093738e-03 -1.599722816751454890e-01 1.320633596399037020e-03 9.999881320226652326e-01 4.689535235373984944e-03 0.000000000000000000e+00 9.355862407076240284e-03 -4.701689618349581823e-03 9.999451794740313870e-01 1.209272537305864326e+01
9.999437521312394272e-01 -7.227400327488417604e-04 -1.058159820354500832e-02 -1.686406086237233481e-01 7.726559583171830085e-04 9.999885909583249299e-01 4.713910897874570675e-03 0.000000000000000000e+00 1.057807054553340682e-02 -4.721821685333390910e-03 9.999329021606930823e-01 1.358606830308902325e+01
9.999306930459640474e-01 -1.579200613902580251e-03 -1.166684319072562766e-02 -1.932814241305463310e-01 1.627099087433711002e-03 9.999902828226545637e-01 4.097170831960984284e-03 0.000000000000000000e+00 1.166025956724818340e-02 -4.115869979439186303e-03 9.999235460579661838e-01 1.507478120186650195e+01
9.999211560149139366e-01 1.649956221040220798e-03 -1.244826888626660889e-02 -2.095269006984015470e-01 -1.593739391777821606e-03 9.999884939053115263e-01 4.524605147084163545e-03 0.000000000000000000e+00 1.245559105571627384e-02 -4.504409112699809571e-03 9.999122804276378007e-01 1.655965644047858731e+01
9.999143014450508904e-01 3.873540468121614792e-03 -1.250541682215881856e-02 -2.300964044332533542e-01 -3.813028168680522231e-03 9.999809247566875392e-01 4.859108863201909261e-03 0.000000000000000000e+00 1.252400023311082446e-02 -4.811008937989874439e-03 9.999099977553781438e-01 1.804250265781216811e+01
9.999069890199099309e-01 4.815181475940680939e-03 -1.276038151818928261e-02 -2.671037702782415035e-01 -4.742624538991575302e-03 9.999724497090616282e-01 5.710283297687704374e-03 0.000000000000000000e+00 1.278752601632335804e-02 -5.649234480126398214e-03 9.999022778892798780e-01 1.951621622292966407e+01
9.999057507645872089e-01 5.743810586501066698e-03 -1.246989285646380417e-02 -2.825559957124062493e-01 -5.677403104016943633e-03 9.999695487676074634e-01 5.354309619471047180e-03 0.000000000000000000e+00 1.250026727313423638e-02 -5.283008371473065477e-03 9.999079123302544447e-01 2.098986508384770033e+01
9.999194774026353150e-01 5.558442032413463650e-03 -1.140799864173467487e-02 -3.405084281055935080e-01 -5.495478877103668162e-03 9.999695360941738276e-01 5.543157540092220024e-03 0.000000000000000000e+00 1.143846242940150908e-02 -5.480018775083636724e-03 9.999195622506223957e-01 2.245104188467384532e+01
9.999223407886170811e-01 6.092388437207475749e-03 -1.087176135406031467e-02 -4.020921856402902006e-01 -6.020473634225342527e-03 9.999598622864183106e-01 6.635338223995063123e-03 0.000000000000000000e+00 1.091175004428977802e-02 -6.569369776271444944e-03 9.999188852560561003e-01 2.390717962622159831e+01
9.999212863494510994e-01 7.274938319379861858e-03 -1.022234697631408014e-02 -4.592217477332377062e-01 -7.194454823853501345e-03 9.999430070076587018e-01 7.888127551541343832e-03 0.000000000000000000e+00 1.027915001556398318e-02 -7.813962434710740312e-03 9.999166370583233432e-01 2.535874304915677158e+01
9.999160043519669250e-01 7.252968390162459027e-03 -1.074144731049855514e-02 -4.640221722799228732e-01 -7.169585300016630483e-03 9.999440248915297813e-01 7.781010882504167496e-03 0.000000000000000000e+00 1.079728148279451155e-02 -7.703345588714298128e-03 9.999120347207159920e-01 2.680012524100889237e+01
9.999246708645326276e-01 6.948123091882751901e-03 -1.011811158030508431e-02 -4.962596142624196571e-01 -6.886937105225210583e-03 9.999578646654851966e-01 6.069513238488136696e-03 0.000000000000000000e+00 1.015985697537779252e-02 -5.999373229225774332e-03 9.999303899907714399e-01 2.823329410451693278e+01
9.999478550376705854e-01 4.724216813946591383e-03 -9.053672241245733915e-03 -5.573150488778407796e-01 -4.672516696591883824e-03 9.999727066399638487e-01 5.723072851649226023e-03 0.000000000000000000e+00 9.080462173102783058e-03 -5.680470987518082895e-03 9.999426370827892985e-01 2.965793751532756772e+01
9.999509605088490183e-01 4.163318159428782729e-03 -8.985730873382636111e-03 -5.732492903531556383e-01 -4.083979080906979635e-03 9.999526766297844871e-01 8.829814029561617109e-03 0.000000000000000000e+00 9.022066963407480988e-03 -8.792683483060914976e-03 9.999206423636199936e-01 3.107972194192487336e+01
9.999641380479409314e-01 3.563982979192734969e-03 -7.682489398459091054e-03 -6.774316080615575553e-01 -3.485305829991597326e-03 9.999415953439524385e-01 1.023027586448177310e-02 0.000000000000000000e+00 7.718501234361730551e-03 -1.020313316172968311e-02 9.999181570570558897e-01 3.248755141228328114e+01
9.999714804462171980e-01 2.941487388364449982e-03 -6.956000728851891544e-03 -7.069420322044495109e-01 -2.874206760630001935e-03 9.999491851531735476e-01 9.662610775660510076e-03 0.000000000000000000e+00 6.984069708475703318e-03 -9.642342217990811093e-03 9.999291214915476678e-01 3.388206744001790582e+01
9.999740912069757792e-01 3.805501148371794647e-03 -6.110243512908675179e-03 -7.409869307927975379e-01 -3.755622883000305379e-03 9.999597039171150836e-01 8.153884887403669776e-03 0.000000000000000000e+00 6.141026912332406620e-03 -8.130725859729820426e-03 9.999480881953101141e-01 3.526615982781172676e+01
9.999751549640486514e-01 5.023359090740982247e-03 -4.945231851629676087e-03 -7.817369479845663882e-01 -4.986999254229737728e-03 9.999606440964547982e-01 7.337581116589934026e-03 0.000000000000000000e+00 4.981896532368042425e-03 -7.312736946567049805e-03 9.999608515263440633e-01 3.663378459643706719e+01
9.999716634541798710e-01 6.845406554388150898e-03 -3.132522590466149497e-03 -8.173496414288204948e-01 -6.827093333583008662e-03 9.999597585255133314e-01 5.819976478734516581e-03 0.000000000000000000e+00 3.172236638272249009e-03 -5.798425536609514916e-03 9.999781573494529452e-01 3.799003460946094179e+01
9.999730230407728460e-01 7.241157701651580389e-03 -1.232406520431515501e-03 -8.229148222017265146e-01 -7.232492414298433321e-03 9.999500660708301458e-01 6.896116183849041771e-03 0.000000000000000000e+00 1.282280846347875689e-03 -6.887016776793407520e-03 9.999754620768187552e-01 3.932467844389618961e+01
9.999722242843497311e-01 7.311767969766970118e-03 1.445236645038856446e-03 -8.700899573031748435e-01 -7.324684063807839797e-03 9.999313708248218635e-01 9.143448132927493865e-03 0.000000000000000000e+00 -1.378282688448205550e-03 -9.153780068934207551e-03 9.999571534057246636e-01 4.064803543075547054e+01
9.999688296474320559e-01 7.303018807257235546e-03 3.000941492178079133e-03 -8.529792619432223777e-01 -7.333310544903162524e-03 9.999209840720874043e-01 1.021019925181078022e-02 0.000000000000000000e+00 -2.926139092839304730e-03 -1.023188783218938885e-02 9.999433714873049439e-01 4.195140324699050893e+01
9.999511384429972116e-01 8.617877526053687939e-03 4.842820819853876912e-03 -8.397944848343930069e-01 -8.668023052322639671e-03 9.999080274359652964e-01 1.043082189872360406e-02 0.000000000000000000e+00 -4.752483867586279782e-03 -1.047228991502942817e-02 9.999338703339453183e-01 4.323392974801518562e+01
9.999284488522773851e-01 9.070374375238202461e-03 7.799069467886787094e-03 -8.344364223099378641e-01 -9.147084943397124079e-03 9.999095800971161685e-01 9.857102365778941389e-03 0.000000000000000000e+00 -7.708956668069886185e-03 -9.927735829693520517e-03 9.999210029039218295e-01 4.449743796560875353e+01
9.998764156972033135e-01 8.935983111880062280e-03 1.293450958990257846e-02 -8.691299157358264305e-01 -9.040697257467358514e-03 9.999266482943809375e-01 8.060013887475301134e-03 0.000000000000000000e+00 -1.286153667358239799e-02 -8.175954781654455605e-03 9.998838605747176755e-01 4.573833230700028452e+01
9.998322187089787594e-01 8.495143736556543326e-03 1.622858479256384864e-02 -8.499435692349995852e-01 -8.597079060727855562e-03 9.999436880312475573e-01 6.221816301700090930e-03 0.000000000000000000e+00 -1.617481570521829559e-02 -6.360290823833747963e-03 9.998489496106585106e-01 4.697166158942722802e+01
9.997406386391826105e-01 7.912709953551396239e-03 2.135519783339362432e-02 -8.398572260146000001e-01 -8.045491274858658504e-03 9.999487899821992709e-01 6.139013217409178789e-03 0.000000000000000000e+00 -2.130552800234162755e-02 -6.309234052428336348e-03 9.997531035421756140e-01 4.819194504922898403e+01
9.996081829510560235e-01 8.552416695298390228e-03 2.665214336504222875e-02 -7.977699163945480842e-01 -8.713927820011789158e-03 9.999443325618000422e-01 5.949726000890271163e-03 0.000000000000000000e+00 -2.659977517251564672e-02 -6.179639650338015003e-03 9.996270624660792414e-01 4.940096261436275427e+01
9.994024590932993890e-01 1.001922210112068598e-02 3.308080934238838422e-02 -7.490784905979730457e-01 -1.019008897329738185e-02 9.999355760496079215e-01 5.000583671581806076e-03 0.000000000000000000e+00 -3.302857618752710195e-02 -5.334692008788116321e-03 9.994401704035090761e-01 5.059817247358096637e+01
9.990689917822799249e-01 1.162622444363001564e-02 4.154492224469685108e-02 -7.723400522763895770e-01 -1.185581072104294545e-02 9.999157554274842319e-01 5.284108253219794993e-03 0.000000000000000000e+00 -4.147998808194593851e-02 -5.771737439565396977e-03 9.991226639585600866e-01 5.178383307169836769e+01
9.987216543124544099e-01 1.271133482663658332e-02 4.892319668942998051e-02 -6.588290117137902691e-01 -1.304928834838785419e-02 9.998931076997061851e-01 6.594637838848524045e-03 0.000000000000000000e+00 -4.883414052676823131e-02 -7.224620512530626620e-03 9.987807725309199025e-01 5.295627537919315841e+01
9.981784834045596133e-01 1.465879785644718693e-02 5.852208910804691105e-02 -5.518074284477042513e-01 -1.510434901297297294e-02 9.998601556483467379e-01 7.178285851050222009e-03 0.000000000000000000e+00 -5.840868008319193699e-02 -8.049148543101023248e-03 9.982603053806505811e-01 5.411617293643642768e+01
9.972749931778082111e-01 1.732104332157766852e-02 7.171171062279804720e-02 -4.844516590805339473e-01 -1.783455956547715104e-02 9.998196490736170894e-01 6.526699887053620183e-03 0.000000000000000000e+00 -7.158572809786414859e-02 -7.787861359978656348e-03 9.974040468877877208e-01 5.526341902737937062e+01
9.960154196804086313e-01 1.888401528129204920e-02 8.715892223810990658e-02 -3.915595908230187217e-01 -1.949641733943646010e-02 9.997908250098520577e-01 6.180286162219634540e-03 0.000000000000000000e+00 -8.702398215307927121e-02 -7.854947038416999761e-03 9.961752488077807444e-01 5.639269519281926080e+01
9.943956160745053285e-01 2.126773803030815660e-02 1.035617789093674496e-01 -2.950816890383803903e-01 -2.216380129164890328e-02 9.997261509204856678e-01 7.509266143624847810e-03 0.000000000000000000e+00 -1.033737135063976381e-01 -9.762504022313257118e-03 9.945946756699993729e-01 5.751044916146801711e+01
9.924908047750611306e-01 1.976604432133687375e-02 1.207116644273946438e-01 -1.633025263177455000e-01 -2.099417551033179105e-02 9.997398883451527052e-01 8.910681582451797020e-03 0.000000000000000000e+00 -1.205041369895088338e-01 -1.137801140399405213e-02 9.926476181530403675e-01 5.861688450163568831e+01
9.901621688514270492e-01 1.892413654902108319e-02 1.386389426939807490e-01 -8.569133348252766513e-03 -2.024555489082641158e-02 9.997620045413913026e-01 8.127224774975088176e-03 0.000000000000000000e+00 -1.384521465438268151e-01 -1.085409283424870232e-02 9.903096443972219109e-01 5.970478608330403603e+01
9.871149505790953738e-01 1.796102997555601086e-02 1.590014960478017825e-01 1.465574304658226745e-01 -1.945430836529205704e-02 9.997800085262537051e-01 7.839925846238339144e-03 0.000000000000000000e+00 -1.588257039312276075e-01 -1.083217214890925574e-02 9.872472131220663139e-01 6.077941564600828883e+01
9.835174233639778496e-01 1.696936343111602602e-02 1.800153289145582369e-01 3.480079543092751138e-01 -1.863016288544340829e-02 9.997980190908191123e-01 7.539101600210766814e-03 0.000000000000000000e+00 -1.798510354997590599e-01 -1.076855267987268140e-02 9.836349136253986769e-01 6.183526108712424474e+01
9.794386728482148419e-01 1.191865722922758400e-02 2.013897508295096894e-01 5.661486627969344321e-01 -1.433369454532087105e-02 9.998417375203288993e-01 1.053779450424419985e-02 0.000000000000000000e+00 -2.012322820275143642e-01 -1.320778263693192338e-02 9.794545028472810833e-01 6.287648608151071272e+01
9.742365358950286769e-01 7.181065203606039511e-03 2.254142950874861440e-01 7.603409806607371868e-01 -1.052207958814844850e-02 9.998518283473009083e-01 1.362377303477028609e-02 0.000000000000000000e+00 -2.252830618763584924e-01 -1.564460460043095441e-02 9.741677413969880295e-01 6.391076756101306700e+01
9.686673903108490302e-01 1.346243276630053505e-03 2.483579565413627510e-01 1.048291336881066682e+00 -4.995988133134222214e-03 9.998885902453747976e-01 1.406581670907648164e-02 0.000000000000000000e+00 -2.483113510311895367e-01 -1.486589136782131247e-02 9.685661971300181250e-01 6.490985602784807895e+01
9.621606694682036665e-01 -7.228029032526773340e-03 2.723868604114259018e-01 1.361204620394045328e+00 3.323441118353567727e-03 9.998850491784353478e-01 1.479334879513892302e-02 0.000000000000000000e+00 -2.724624760726168105e-01 -1.332831668841625086e-02 9.620740902376653247e-01 6.588458009932038806e+01
9.547968443162323515e-01 -1.281213609196992127e-02 2.969828871374848855e-01 1.732524173583210647e+00 8.473643537725106950e-03 9.998378185056763234e-01 1.589131998952201738e-02 0.000000000000000000e+00 -2.971383237634461771e-01 -1.265645505560693274e-02 9.547505594114487071e-01 6.682923526847397966e+01
9.457826051277473667e-01 -1.558802209981589859e-02 3.244260738670350364e-01 2.062124183347094242e+00 1.035201472589293049e-02 9.997869221569375409e-01 1.785906142762513568e-02 0.000000000000000000e+00 -3.246353333031968269e-01 -1.353232614801998940e-02 9.457424472445685737e-01 6.777793821170750732e+01
9.358915968064417390e-01 -2.014109044957429831e-02 3.517118927511302395e-01 2.441685985857990460e+00 1.328786570112526141e-02 9.996721069302867413e-01 2.188861006719611257e-02 0.000000000000000000e+00 -3.520374293341387850e-01 -1.581186583129558232e-02 9.358523565428169544e-01 6.870221888783552799e+01
9.244505201639489078e-01 -2.418789760871731948e-02 3.805340738723225757e-01 2.810135968105754056e+00 1.671964397156485219e-02 9.995974923487395136e-01 2.291957232539603914e-02 0.000000000000000000e+00 -3.809352822646642767e-01 -1.482561632395270473e-02 9.244828347928124579e-01 6.961547515635446359e+01
9.120630003409109232e-01 -2.556602413319184267e-02 4.092523204810796789e-01 3.215535180884649069e+00 1.959998502012914173e-02 9.996317637978904269e-01 1.876638999734757049e-02 0.000000000000000000e+00 -4.095814009404444844e-01 -9.094790615665725164e-03 9.122282394156184804e-01 7.049513030653658063e+01
8.986645627039046014e-01 -2.894489059610221710e-02 4.376804736889363667e-01 3.653093219299303751e+00 2.512203965864468272e-02 9.995788947479929965e-01 1.452295761109568054e-02 0.000000000000000000e+00 -4.379165295619479870e-01 -2.055841132914291644e-03 8.990132850262305686e-01 7.134927036676126022e+01
8.847600211276928084e-01 -3.286778718893353796e-02 4.648864523509149693e-01 4.130647339573620513e+00 3.020138321238628742e-02 9.994568847388942689e-01 1.318377791403298888e-02 0.000000000000000000e+00 -4.650672870307842599e-01 2.375734271934560812e-03 8.852721470940413395e-01 7.217797008837173678e+01
8.687161949364958780e-01 -3.280395461182174927e-02 4.942226959750775084e-01 4.611634219085542163e+00 2.941552021515579304e-02 9.994601393628361752e-01 1.463410384326302612e-02 0.000000000000000000e+00 -4.944359410737841909e-01 1.824934697219095237e-03 8.692121546480070515e-01 7.300297857857367489e+01
8.507563004418871033e-01 -2.874728740855696935e-02 5.247735804373878654e-01 5.112700417426058408e+00 2.360196055177151211e-02 9.995853543468866675e-01 1.649444856080642396e-02 0.000000000000000000e+00 -5.250301560068113549e-01 -1.647070691325217169e-03 8.510820303834405465e-01 7.381579881795214249e+01
8.302486818907836019e-01 -2.758719400454643506e-02 5.567100438698429077e-01 5.606535249361534134e+00 2.071703589689008473e-02 9.996116316928562728e-01 1.863840679882185214e-02 0.000000000000000000e+00 -5.570080166768269780e-01 -3.941130714254818639e-03 8.304977645041791146e-01 7.461864750756627984e+01
8.081957378903883438e-01 -2.389091676169962167e-02 5.884291574625506449e-01 6.122521090933636501e+00 2.118671485808623633e-02 9.997095110127394157e-01 1.148985222696415238e-02 0.000000000000000000e+00 -5.885327283756799366e-01 3.180831174520629134e-03 8.084671359701116611e-01 7.539296672469237137e+01
7.853948659207156124e-01 -2.078989104815110248e-02 6.186458478124450266e-01 6.667234570232108304e+00 2.368904112477003901e-02 9.997131723927842328e-01 3.521686378682315106e-03 0.000000000000000000e+00 -6.185416185803177536e-01 1.188921252929769044e-02 7.856620855746260235e-01 7.613890079655483589e+01
7.621106430406829890e-01 -1.941982771026915314e-02 6.471554975860225323e-01 7.245068079631844071e+00 2.406730880542875053e-02 9.997089674381227642e-01 1.656825480268830355e-03 0.000000000000000000e+00 -6.469993295289957480e-01 1.431260687336026113e-02 7.623562270182588918e-01 7.685120513340434911e+01
7.390230103994878119e-01 -2.047000415959644368e-02 6.733691179656049464e-01 7.881914822355588157e+00 2.359314219720699476e-02 9.997115281521844476e-01 4.497123624347210656e-03 0.000000000000000000e+00 -6.732669260711756642e-01 1.256341551236704081e-02 7.392927747850172038e-01 7.751791700389726714e+01
7.141768019402531253e-01 -2.073122367655297685e-02 6.996582822601742357e-01 8.515802934042316252e+00 2.459571210013718548e-02 9.996872833418986026e-01 4.515137958837521330e-03 0.000000000000000000e+00 -6.995330917952835570e-01 1.398398689118652595e-02 7.144633661664919755e-01 7.817416147703330864e+01
6.893992962484958298e-01 -2.085949650611000974e-02 7.240811361564276627e-01 9.183953203069762594e+00 2.745856630753934838e-02 9.996194195453902420e-01 2.653903554562962817e-03 0.000000000000000000e+00 -7.238609241203741718e-01 1.805263064636296669e-02 6.897096962188800084e-01 7.877430518448309726e+01
6.601692799456062577e-01 -1.899041490189134693e-02 7.508767448509423570e-01 9.794868911713084714e+00 3.056742894978049102e-02 9.995314332648773670e-01 -1.595682570539040668e-03 0.000000000000000000e+00 -7.504946063120565558e-01 2.400579216188852144e-02 6.604404347397173636e-01 7.943500712011883991e+01
6.334708432268052469e-01 -1.669320833151766853e-02 7.735864706528383650e-01 1.049693409234179242e+01 3.106105381800890533e-02 9.995100096565380232e-01 -3.866721105460603838e-03 0.000000000000000000e+00 -7.731428727714070304e-01 2.647786607703074904e-02 6.336789572731431619e-01 7.999350491270523378e+01
6.069167643266524248e-01 -1.660766894682922171e-02 7.945918615939969731e-01 1.124584035355318434e+01 3.347144821746599747e-02 9.994287313543154250e-01 -4.676868368288802057e-03 0.000000000000000000e+00 -7.940602642957782509e-01 2.943461016662727095e-02 6.071259345398222207e-01 8.049819427880522937e+01
5.799049312346784557e-01 -1.491164887802582176e-02 8.145476741464775516e-01 1.201016253442758241e+01 3.895457719277167080e-02 9.991963796774716577e-01 -9.441173400148232878e-03 0.000000000000000000e+00 -8.137523036191198766e-01 3.720534326111962081e-02 5.800197848240977727e-01 8.097556242624321499e+01
5.506916725785199196e-01 -1.234791925807568642e-02 8.346174037501634668e-01 1.277930765064407126e+01 4.675504195708896082e-02 9.987770648038080123e-01 -1.607298582983865062e-02 0.000000000000000000e+00 -8.333982528204940676e-01 4.787383118042076724e-02 5.505955398328713501e-01 8.145233092399240604e+01
5.200620525830753627e-01 -8.238233014961595518e-03 8.540887500604753546e-01 1.356680222873683128e+01 5.277134952904653786e-02 9.983530395794957268e-01 -2.250317824821263663e-02 0.000000000000000000e+00 -8.524967132675355108e-01 5.677446502767665576e-02 5.196402736402023770e-01 8.192643122050036197e+01
4.880466637985461098e-01 -1.859963729147898594e-03 8.728155558249581780e-01 1.436296346260350987e+01 5.379149639457207754e-02 9.981609123428172303e-01 -2.795117147085351278e-02 0.000000000000000000e+00 -8.711583833441141067e-01 6.059153080989642531e-02 4.872491534352588749e-01 8.240165228345621529e+01
4.544875382267094532e-01 4.060166082664226628e-03 8.907438423295457319e-01 1.517325373113720666e+01 4.977554873684609388e-02 9.983113410006405619e-01 -2.994764059911783627e-02 0.000000000000000000e+00 -8.893612721186817671e-01 5.794809298751171789e-02 4.535179667604622988e-01 8.285398506389623208e+01
4.215300387744249644e-01 1.198230745961370060e-02 9.067352704724636059e-01 1.602018097938001873e+01 4.305206521473625703e-02 9.985207267506098772e-01 -3.320960599262787888e-02 0.000000000000000000e+00 -9.057918889521845429e-01 5.303567249863831018e-02 4.203906175820805169e-01 8.325453830478669204e+01
3.873646214862798143e-01 1.912779466076365564e-02 9.217281472821602373e-01 1.687256367005027968e+01 3.997442440105277578e-02 9.984959975933236365e-01 -3.752050351373092951e-02 0.000000000000000000e+00 -9.210595504171185111e-01 5.137966778342461377e-02 3.860174015816807414e-01 8.362398839877332080e+01
3.537107379171067767e-01 2.953963896269263395e-02 9.348882947240737540e-01 1.775929968474653720e+01 3.651020830598410150e-02 9.983034418599967541e-01 -4.535683697022822869e-02 0.000000000000000000e+00 -9.346420269662488733e-01 5.017616665752795690e-02 3.520321487136784944e-01 8.393519461732559250e+01
3.192577804317223711e-01 3.663933816291931739e-02 9.469593594937381065e-01 1.865698556659451057e+01 3.465522876374849820e-02 9.981325695207563520e-01 -5.030296990467340162e-02 0.000000000000000000e+00 -9.470340462481435795e-01 4.887670775411843277e-02 3.173918440760232218e-01 8.421478215036636072e+01
2.838593870800262264e-01 4.188492091059727723e-02 9.579506781493830614e-01 1.956082430946291950e+01 3.144382638304085015e-02 9.981015727016201433e-01 -5.295787338017764884e-02 0.000000000000000000e+00 -9.583502147695974749e-01 4.515422428600468496e-02 2.820034784895149027e-01 8.449624473970827410e+01
2.486460068193906414e-01 4.403791270150356207e-02 9.675927994449239344e-01 2.048438388782642150e+01 3.075651809239370732e-02 9.981031670580587933e-01 -5.333014629184999050e-02 0.000000000000000000e+00 -9.681059858753030545e-01 4.302011336076045495e-02 2.468199140240213696e-01 8.472306794131920071e+01
2.126103710755488652e-01 4.582039302561198568e-02 9.760621505283845201e-01 2.142169341154786366e+01 3.011336932880538664e-02 9.981182285704772728e-01 -5.341522987878875861e-02 0.000000000000000000e+00 -9.766729314866738898e-01 4.074915187234461750e-02 2.108304805356702727e-01 8.492717143131895341e+01
1.768430626918388038e-01 4.601062726611166581e-02 9.831630349826766535e-01 2.236729458406195903e+01 2.939798439534895003e-02 9.982141359582170637e-01 -5.200285844725423962e-02 0.000000000000000000e+00 -9.837999236080727794e-01 3.809935631704752801e-02 1.751746253227521866e-01 8.509770105635803361e+01
1.429911728811664173e-01 3.975307707805187524e-02 9.889252840032426439e-01 2.332675643950270938e+01 3.104940226567484349e-02 9.985210301654120491e-01 -4.462831989166035629e-02 0.000000000000000000e+00 -9.892368063800505151e-01 3.708699475873801499e-02 1.415453839683707693e-01 8.519705904099033944e+01
1.091924586405094988e-01 3.976985894901467061e-02 9.932247305092716250e-01 2.428192221912031812e+01 3.487133557606785644e-02 9.984310190825430587e-01 -4.381198567674512295e-02 0.000000000000000000e+00 -9.934087763509896751e-01 3.941901131400512431e-02 1.076343096593510573e-01 8.530451815701351848e+01
7.803517634442638795e-02 4.078985044319878572e-02 9.961158061961044030e-01 2.524414090841480629e+01 3.932009288635031352e-02 9.982592999250584631e-01 -4.395793908436293473e-02 0.000000000000000000e+00 -9.961749050986435927e-01 4.259763155337850660e-02 7.629547979887126019e-02 8.535605752232196153e+01
4.804948533013954359e-02 3.566368439626817211e-02 9.982080687786438755e-01 2.620843743977627938e+01 4.442923633494640784e-02 9.982969435937290026e-01 -3.780549391447503293e-02 0.000000000000000000e+00 -9.978563473357228153e-01 4.616615672445921470e-02 4.638314408371584791e-02 8.540869176928367779e+01
2.210134218151169061e-02 3.543807414390175853e-02 9.991274561209620986e-01 2.717948165172592567e+01 4.281538788420632957e-02 9.984211455107738775e-01 -3.636012592502984447e-02 0.000000000000000000e+00 -9.988385120899621050e-01 4.358163716441140062e-02 2.054915248785258580e-02 8.544944173203323601e+01
-6.390652767669678181e-04 3.515644473276238052e-02 9.993816167957669805e-01 2.816196303323676631e+01 3.980940721774858110e-02 9.985904963478161589e-01 -3.510315798898738793e-02 0.000000000000000000e+00 -9.992070869907460073e-01 3.976235653957911620e-02 -2.037721736617714458e-03 8.545509362096984773e+01
-2.104624180758227908e-02 3.585257284151927015e-02 9.991354506404109825e-01 2.914599474453762795e+01 3.576310747620441849e-02 9.987442258179496379e-01 -3.508520398908893112e-02 0.000000000000000000e+00 -9.991386569687968899e-01 3.499377681751628805e-02 -2.230201189631837028e-02 8.546204596556027866e+01
-3.763606956112156010e-02 3.557932350536873595e-02 9.986579184119492858e-01 3.012660455563750617e+01 3.894699244823500439e-02 9.986588667723214074e-01 -3.411157569309507254e-02 0.000000000000000000e+00 -9.985322518813383175e-01 3.761089677113555602e-02 -3.897130222154837620e-02 8.542874066606212580e+01
-5.205698563396249368e-02 3.485206237411674068e-02 9.980357729034435854e-01 3.110861265493632999e+01 4.454238077792556372e-02 9.984772671668366018e-01 -3.254417406671300528e-02 0.000000000000000000e+00 -9.976502626478523927e-01 4.276073782479651586e-02 -5.353011058590366467e-02 8.535811849889410041e+01
-6.400668496899225568e-02 3.143849472672628070e-02 9.974541419677377396e-01 3.209578365020097124e+01 4.990201104493444118e-02 9.983540950547336035e-01 -2.826464542710001651e-02 0.000000000000000000e+00 -9.967010251690023859e-01 4.796584135367717300e-02 -6.547018016075850655e-02 8.529284081471166701e+01
-7.182473299745194273e-02 2.687678250160862800e-02 9.970550868894879626e-01 3.308605569015138315e+01 5.220991926035039449e-02 9.983677426875728900e-01 -2.315112722422720329e-02 0.000000000000000000e+00 -9.960498642440854811e-01 5.039334205315184473e-02 -7.311073119618832772e-02 8.520085235351976394e+01
-7.654513729538149625e-02 2.413568223063103368e-02 9.967739517060487664e-01 3.407204085931541471e+01 5.815862363209282904e-02 9.981129235804122590e-01 -1.970193591975550121e-02 0.000000000000000000e+00 -9.953684827508053612e-01 5.646291371358379274e-02 -7.780438883071000289e-02 8.506678536373640043e+01
-8.042375246330150940e-02 2.328362327057013556e-02 9.964887821381205324e-01 3.506510868819660232e+01 6.283878216194649369e-02 9.978569246091524292e-01 -1.824405289323323062e-02 0.000000000000000000e+00 -9.947780192063522264e-01 6.115088631378832323e-02 -8.171451282919567349e-02 8.498736793414938973e+01
-8.269550640472031477e-02 2.176428074700546139e-02 9.963371765140710545e-01 3.606189366539113905e+01 6.690524096340050297e-02 9.976271708497732593e-01 -1.623935694262240367e-02 0.000000000000000000e+00 -9.943264765418271534e-01 6.531725702941125478e-02 -8.395542854430164403e-02 8.486688337031121421e+01
-8.455558589264743075e-02 2.100653647035457747e-02 9.961973089302484929e-01 3.706408145575736057e+01 6.999771289612198577e-02 9.974329916238180438e-01 -1.509130245126557614e-02 0.000000000000000000e+00 -9.939570780892157398e-01 6.845547929773942997e-02 -8.580894050419957120e-02 8.477392846896189837e+01
-8.681382285757223427e-02 2.046630141319253152e-02 9.960143024411430845e-01 3.806843038910145083e+01 7.382250640558893351e-02 9.971723404761750897e-01 -1.405563720598693341e-02 0.000000000000000000e+00 -9.934855800205852905e-01 7.230804862346912332e-02 -8.807921659174126894e-02 8.468206996845925971e+01
-8.908439093023529098e-02 1.945713703498786265e-02 9.958340178518653163e-01 3.907511708110262560e+01 7.721580451509763021e-02 9.969351461703200856e-01 -1.257115203356884772e-02 0.000000000000000000e+00 -9.930265307763248561e-01 7.577423142973251091e-02 -9.031375878324293671e-02 8.459850772834604982e+01
-9.133919746893195968e-02 1.703404938842843774e-02 9.956741395492615387e-01 4.008691430579682446e+01 7.809366873882830906e-02 9.968969594173123783e-01 -9.890965950302725226e-03 0.000000000000000000e+00 -9.927530054895979950e-01 7.685241353368527095e-02 -9.238601964261432264e-02 8.449124597608965814e+01
-9.324166589568656793e-02 1.711995184858172356e-02 9.954963078734634374e-01 4.110780015022804434e+01 7.694923639144332639e-02 9.969854796637123151e-01 -9.938227130316544880e-03 0.000000000000000000e+00 -9.926655059786047008e-01 7.567602386768426670e-02 -9.427795421945915633e-02 8.438815281838770943e+01
-9.690610479446487568e-02 1.795099089891301694e-02 9.951316338953903884e-01 4.213256026033374724e+01 7.652710632900215637e-02 9.970118678138556456e-01 -1.053268414216681007e-02 0.000000000000000000e+00 -9.923471211478683829e-01 7.513386296521866459e-02 -9.799027393292418509e-02 8.432287697166674434e+01
-9.918270091006446687e-02 1.828190955080523025e-02 9.949012833559713886e-01 4.315507290344199731e+01 7.797220479469126053e-02 9.968997580424276972e-01 -1.054550588668442049e-02 0.000000000000000000e+00 -9.920096406384505405e-01 7.652871486002890689e-02 -1.003006913347686130e-01 8.422707568950009716e+01
-9.886134617737046826e-02 1.941121517608048602e-02 9.949118749705342379e-01 4.417179263774166031e+01 8.142717188626499847e-02 9.966146291238077159e-01 -1.135326803270164490e-02 0.000000000000000000e+00 -9.917641100133596233e-01 7.989046089368677384e-02 -1.001072642099018611e-01 8.405972037697722499e+01
-1.021294659301507507e-01 2.136153951157643976e-02 9.945417320648317627e-01 4.520667679064046496e+01 8.452313568904801233e-02 9.963403176682176232e-01 -1.272049221093502630e-02 0.000000000000000000e+00 -9.911737545567382845e-01 8.276264869186547579e-02 -1.035612488307931789e-01 8.397829500692624549e+01
-1.039997498402656512e-01 2.358927314149780741e-02 9.942975400883865555e-01 4.624370817943212586e+01 8.839140789482696769e-02 9.959819599080248498e-01 -1.438382939769798467e-02 0.000000000000000000e+00 -9.906417167894360221e-01 8.639144477567033131e-02 -1.056669637400421413e-01 8.387172951990145009e+01
-1.043322293846040555e-01 2.658282216732326883e-02 9.941871752729750655e-01 4.727984185856812616e+01 9.325201197685586973e-02 9.955002515668334162e-01 -1.683185648234329646e-02 0.000000000000000000e+00 -9.901610213363760682e-01 9.095384926430780115e-02 -1.063416622500252262e-01 8.373905780059357085e+01
-1.086141187029361771e-01 2.891481405548321573e-02 9.936633769775956582e-01 4.832956539089157388e+01 9.647184153923679673e-02 9.951653766647448052e-01 -1.841349716232355480e-02 0.000000000000000000e+00 -9.893918116744254698e-01 9.386057008060121054e-02 -1.108784757098114221e-01 8.368474100129182602e+01
-1.107130454469951591e-01 3.045336637837040700e-02 9.933857327564528106e-01 4.937743828971481008e+01 9.506757992366424159e-02 9.952715775432317002e-01 -1.991587763736031927e-02 0.000000000000000000e+00 -9.892950908678853628e-01 9.223383007787042120e-02 -1.130846752387642817e-01 8.356374985888557205e+01
-1.138078938416578617e-01 3.411615107665383340e-02 9.929168401910803965e-01 5.044074156328603209e+01 9.178156284818415889e-02 9.954974500944375748e-01 -2.368483853901673722e-02 0.000000000000000000e+00 -9.892542180958640019e-01 8.843593778091327073e-02 -1.164267017841664753e-01 8.347353752581672381e+01
-1.154258073569603832e-01 3.414192078230476879e-02 9.927291736628310881e-01 5.149634960109063542e+01 9.041301208823260271e-02 9.956216265606768756e-01 -2.372896900008336293e-02 0.000000000000000000e+00 -9.891927871962650221e-01 8.701669937413619715e-02 -1.180073039642198091e-01 8.332684014401891659e+01
-1.178991158751630797e-01 3.592010115674944271e-02 9.923757074862030736e-01 5.256068606490944006e+01 9.193285057356202772e-02 9.954485805102727403e-01 -2.510925218925718488e-02 0.000000000000000000e+00 -9.887609162286208342e-01 8.827156899576248106e-02 -1.206647448335755046e-01 8.323699475707739737e+01
-1.193730009179232859e-01 3.273500832260018562e-02 9.923096824489656687e-01 5.362022947250051885e+01 9.388816059419936855e-02 9.953496925753823055e-01 -2.154072399737657142e-02 0.000000000000000000e+00 -9.884002731444760936e-01 9.059474995943631037e-02 -1.218913094838981054e-01 8.310137313707789986e+01
-1.194347675545336523e-01 3.189148889962362121e-02 9.923297180045341781e-01 5.468326625327257062e+01 9.626113948591882852e-02 9.951471179493369679e-01 -2.039624136948840066e-02 0.000000000000000000e+00 -9.881645254329133321e-01 9.308676905390636525e-02 -1.219250757762210258e-01 8.296885405001950176e+01
-1.218058199306479156e-01 3.419055184335124259e-02 9.919648927233603031e-01 5.576076307205845239e+01 9.775407952658721200e-02 9.949609439999338445e-01 -2.229035330971589068e-02 0.000000000000000000e+00 -9.877284455592642010e-01 9.425352024942849904e-02 -1.245342995068337705e-01 8.287713479394254534e+01
-1.206349077873208192e-01 3.601832797999980629e-02 9.920432949587777438e-01 5.683376962073738525e+01 9.645321138550390361e-02 9.950384462339822988e-01 -2.439812553633508713e-02 0.000000000000000000e+00 -9.879999985002814178e-01 9.274249600797185300e-02 -1.235104546086802646e-01 8.271559690009674171e+01
-1.202936290910673889e-01 3.952485796950600677e-02 9.919512227940393556e-01 5.791454546923903024e+01 9.670799444060090844e-02 9.949212488556665734e-01 -2.791545068162571211e-02 0.000000000000000000e+00 -9.880167036094915645e-01 9.257156246910810959e-02 -1.235050574294431769e-01 8.260064135896652715e+01
-1.190466353928632398e-01 4.132275559811237481e-02 9.920283909603677674e-01 5.899511242357140617e+01 9.819020820988756670e-02 9.947258132708115541e-01 -2.965197167848667922e-02 0.000000000000000000e+00 -9.880215491644530612e-01 9.387750679743030180e-02 -1.224762511843021789e-01 8.247516081688588940e+01
-1.193767918563731628e-01 4.547309264223842185e-02 9.918071281310846254e-01 6.008560192114395448e+01 9.905711855198530424e-02 9.945118043951604037e-01 -3.367429558075758778e-02 0.000000000000000000e+00 -9.878951709722273433e-01 9.422562689753123666e-02 -1.232260622007722711e-01 8.237991641702434720e+01
-1.194849887712768205e-01 4.872848614688961993e-02 9.916394869589250094e-01 6.118196646258578397e+01 9.883328698243906696e-02 9.944175231246704660e-01 -3.695634027933553112e-02 0.000000000000000000e+00 -9.879045089696489867e-01 9.359126209442655830e-02 -1.236339630400849904e-01 8.226502347822895445e+01
-1.199549511975540189e-01 4.837418992229264303e-02 9.916000945101577368e-01 6.229408412049539123e+01 9.395562037486931972e-02 9.948823306005531997e-01 -3.716839596733576001e-02 0.000000000000000000e+00 -9.883234040956200284e-01 8.870786891912814387e-02 -1.238860884387764372e-01 8.214352883535671879e+01
-1.222924170784163156e-01 4.527659936461480433e-02 9.914608384979679556e-01 6.340186488515625030e+01 8.393031255129959622e-02 9.958523775209838780e-01 -3.512470385419352858e-02 0.000000000000000000e+00 -9.889389603813513174e-01 7.891813312401542435e-02 -1.255852734362583045e-01 8.201931332238267203e+01
-1.227606338775058675e-01 3.976438930973338198e-02 9.916393599050085106e-01 6.451335485095911793e+01 7.709585391475168303e-02 9.965595825142327113e-01 -3.041755756490770179e-02 0.000000000000000000e+00 -9.894372421124728589e-01 7.271720457968104678e-02 -1.254039555953798402e-01 8.186810858264365720e+01
-1.234929668102383443e-01 3.195422361954765311e-02 9.918308397812982680e-01 6.561780434107109272e+01 7.799071138886159993e-02 9.967023952628715211e-01 -2.240054049157833710e-02 0.000000000000000000e+00 -9.892759655856663281e-01 7.458728356849783636e-02 -1.255778684498476405e-01 8.172308727114985061e+01
-1.229671090151569363e-01 2.714058075565413050e-02 9.920395551472211970e-01 6.672151605415372444e+01 8.291849456720404299e-02 9.964116270841871792e-01 -1.698212796306492259e-02 0.000000000000000000e+00 -9.889406520914946208e-01 8.017018328338305910e-02 -1.247763132695670907e-01 8.155762588712264005e+01
-1.226843627114865415e-01 2.347343117628639467e-02 9.921681032843601145e-01 6.783306001250650752e+01 8.781545240332379321e-02 9.960557133241306760e-01 -1.270678061349024730e-02 0.000000000000000000e+00 -9.885529795945503517e-01 8.556876756838333042e-02 -1.242617903925074541e-01 8.141564851778007039e+01
-1.233412704449934200e-01 2.293654340645333994e-02 9.920992117634076513e-01 6.895253392985914331e+01 9.179195546155238805e-02 9.957105443406929490e-01 -1.160813513479580505e-02 0.000000000000000000e+00 -9.881098966802966954e-01 8.963496452460539832e-02 -1.249175937052616481e-01 8.130356526092110414e+01
-1.219159831253942561e-01 2.501605796128502160e-02 9.922251205762944171e-01 7.007669591674026321e+01 8.882902840386906751e-02 9.959457296806907278e-01 -1.419532471005497537e-02 0.000000000000000000e+00 -9.885574827855893032e-01 8.640775645089382451e-02 -1.236438548967528500e-01 8.114079504848807289e+01
-1.214077500200269472e-01 2.545413978043226805e-02 9.922762946896940273e-01 7.121051490530948058e+01 8.420241904535506750e-02 9.963318794114968124e-01 -1.525577580026211272e-02 0.000000000000000000e+00 -9.890248282333323759e-01 8.169989495951425484e-02 -1.231057118968030967e-01 8.099106811784473337e+01
-1.209673109028430310e-01 2.800610082446734067e-02 9.922613405799608488e-01 7.235055595021701436e+01 8.280707914686569193e-02 9.964025200920607617e-01 -1.802791161941371539e-02 0.000000000000000000e+00 -9.891965918542620084e-01 7.998547537398546792e-02 -1.228512368399168608e-01 8.086414437044037129e+01
