1.000000000000000000e+00 0.000000000000000000e+00 0.000000000000000000e+00 0.000000000000000000e+00 0.000000000000000000e+00 1.000000000000000000e+00 0.000000000000000000e+00 0.000000000000000000e+00 0.000000000000000000e+00 0.000000000000000000e+00 1.000000000000000000e+00 0.000000000000000000e+00
9.999960598057789918e-01 1.957592184780672720e-03 2.012015346689616929e-03 -8.215323813697527830e-03 -1.946655413078174791e-03 9.999833985513584267e-01 -5.423389565303205102e-03 0.000000000000000000e+00 -2.022598729348228097e-03 5.419451495529157246e-03 9.999832691799737105e-01 9.618933391709113545e-01
9.999961414862985620e-01 -1.270593006435214757e-04 2.775043864349068922e-03 -5.829402418087978321e-03 1.448985665458370122e-04 9.999793219308044101e-01 -6.429207977146990209e-03 0.000000000000000000e+00 -2.774169591130748024e-03 6.429585269837972961e-03 9.999754819076004386e-01 1.925212530789208953e+00
9.999966409955691748e-01 -1.401198503384537813e-03 2.180513777302135227e-03 2.209470246681980235e-04 1.408389837091532501e-03 9.999935633094997334e-01 -3.299966308251751478e-03 0.000000000000000000e+00 -2.175875834157479493e-03 3.303026237093908881e-03 9.999921777604222628e-01 2.888944178349418301e+00
9.999893691731074341e-01 -4.345072131431774488e-03 1.543336950662676371e-03 9.786721595995526331e-04 4.341141690437662522e-03 9.999873488215048623e-01 2.541000936794984323e-03 0.000000000000000000e+00 -1.554358257987848791e-03 -2.534274079474950914e-03 9.999955807028830801e-01 3.849817954382738883e+00
9.999687220966022583e-01 -7.865627929383037578e-03 8.286891848810762351e-04 -2.401256521130245430e-02 7.863724469391028538e-03 9.999664909436596361e-01 2.275703691714605313e-03 0.000000000000000000e+00 -8.465612548050274614e-04 -2.269115929053663362e-03 9.999970672191704768e-01 4.808156467933071276e+00
9.999503977902345353e-01 -9.948863696830059430e-03 4.712433488918228090e-04 -6.114070853974008790e-02 9.949180635442329140e-03 9.999502778146573956e-01 -6.750578283622266432e-04 0.000000000000000000e+00 -4.645038593208304298e-04 6.797128292035573395e-04 9.999996611132597746e-01 5.740166776369115098e+00
9.999595799398538487e-01 -8.990104278705333615e-03 -1.284973500703386973e-04 -7.203957677161552942e-02 8.989450672903718381e-03 9.999498798367097985e-01 -4.407674119944932772e-03 0.000000000000000000e+00 1.681163597270173536e-04 4.406340840901781276e-03 9.999902779013822851e-01 6.677643462083916681e+00
9.999693756044419901e-01 -7.823285162223218500e-03 -2.099107735947836376e-04 -9.591410414980179600e-02 7.821927827530484462e-03 9.999523946287329768e-01 -5.833174206406489988e-03 0.000000000000000000e+00 2.555353659320962418e-04 5.831353662050892464e-03 9.999829648629747769e-01 7.607313564568692676e+00
9.999662717925830169e-01 -8.129284642648533857e-03 -1.170473596806687402e-03 -1.108361140988726873e-01 8.125466475528435664e-03 9.999617689972197798e-01 -3.230687001968964370e-03 0.000000000000000000e+00 1.196692022657641673e-03 3.221067392716256850e-03 9.999940963091007440e-01 8.536667969874743633e+00
9.999678889709894269e-01 -7.827501411069928694e-03 -1.717919835875486275e-03 -1.134282312682890620e-01 7.826738212693135424e-03 9.999692691229615793e-01 -4.505315068480952867e-04 0.000000000000000000e+00 1.721393578697819147e-03 4.370713309919546869e-04 9.999984228851560575e-01 9.467164369246154010e+00
9.999644948716844839e-01 -8.114010086719027418e-03 -2.274167172679074280e-03 -1.146617632766431666e-01 8.116087106392035067e-03 9.999666539768219398e-01 9.055741155459115163e-04 0.000000000000000000e+00 2.266743500739997960e-03 -9.239993018887694091e-04 9.999970040451081621e-01 1.039032696466223982e+01
9.999553077834435477e-01 -8.733674478770650160e-03 -3.620133397716066882e-03 -9.945213586867415745e-02 8.737099244313912758e-03 9.999613971435232784e-01 9.312999336206319919e-04 0.000000000000000000e+00 3.611859979763725262e-03 -9.628877765358863187e-04 9.999930136329034935e-01 1.134095238728940735e+01
9.999529547447012501e-01 -8.600387019771324471e-03 -4.485715154991062013e-03 -1.007514440331724187e-01 8.604421665511901782e-03 9.999625932532959505e-01 8.809210768789118781e-04 0.000000000000000000e+00 4.477971096785405940e-03 -9.194766183869354254e-04 9.999895511142126159e-01 1.222511440178849895e+01
9.999386909632055342e-01 -9.505688946351042654e-03 -5.679453534198145026e-03 -9.904566351920714162e-02 9.501058000954635402e-03 9.999545095905699732e-01 -8.418113469475824607e-04 0.000000000000000000e+00 5.687197170347088604e-03 7.877989188625283100e-04 9.999835174447673225e-01 1.313524539103912758e+01
9.999195269774197037e-01 -1.036555109379805328e-02 -7.314022133934045163e-03 -1.042486861760700545e-01 1.034432344524732761e-02 9.999421910256368617e-01 -2.934208463568456840e-03 0.000000000000000000e+00 7.344014005564951549e-03 2.858313728305328719e-03 9.999689472683224167e-01 1.404381198081677873e+01
9.998741317779410442e-01 -1.218689832393731604e-02 -1.015874552054459902e-02 -1.004678162015133908e-01 1.214683303695755431e-02 9.999182385272317175e-01 -3.996336793817324880e-03 0.000000000000000000e+00 1.020661787672400359e-02 3.872437196307457110e-03 9.999404128155234828e-01 1.494821650893468146e+01
9.998590915209338847e-01 -1.070425260796197507e-02 -1.293120562972409696e-02 -9.187242203538353857e-02 1.065254431227320546e-02 9.999350136547399126e-01 -4.061005659831507485e-03 0.000000000000000000e+00 1.297383530835580050e-02 3.922683188718866648e-03 9.999081418580372249e-01 1.584914416886474520e+01
9.998344969331075527e-01 -9.165234054466526309e-03 -1.571550913100614247e-02 -9.532000551036641511e-02 9.092189624790537536e-03 9.999475580711189027e-01 -4.713087674992446838e-03 0.000000000000000000e+00 1.575788153105470504e-02 4.569419255458607304e-03 9.998653957295058348e-01 1.674621325150800999e+01
9.998303547912277267e-01 -7.951975095904804947e-03 -1.661408228346232877e-02 -1.294285795860189159e-01 7.862772831812678276e-03 9.999543583927077428e-01 -5.427516450683527241e-03 0.000000000000000000e+00 1.665648346569189447e-02 5.295962943718365151e-03 9.998472455005594783e-01 1.763750867802816558e+01
9.998038121136613166e-01 -8.924126537809079496e-03 -1.768324768043380915e-02 -1.614484641617850713e-01 8.843760185563303428e-03 9.999502307953113123e-01 -4.617774158879359159e-03 0.000000000000000000e+00 1.772357720017792015e-02 4.460481805740310057e-03 9.998329755080546111e-01 1.852914137824275187e+01
9.997674089500160344e-01 -9.564970779067101525e-03 -1.932975259455168779e-02 -1.836299016810649665e-01 9.516445028707846976e-03 9.999513352524230791e-01 -2.600846191202542922e-03 0.000000000000000000e+00 1.935368893484126773e-02 2.416290729671958896e-03 9.998097800400450597e-01 1.941650493319124848e+01
9.997333299155117814e-01 -1.014472514897998660e-02 -2.074496583977598202e-02 -2.077964876513875292e-01 1.009898165711655554e-02 9.999463389853033846e-01 -2.308618499543752412e-03 0.000000000000000000e+00 2.076727294401151114e-02 2.098499830560466954e-03 9.997821346037997214e-01 2.029706546552196045e+01
9.996730978176989746e-01 -1.165650779120772952e-02 -2.275573171045382204e-02 -2.299487398395160254e-01 1.159132867364848218e-02 9.999283356571381232e-01 -2.994102457122052672e-03 0.000000000000000000e+00 2.278900171451419057e-02 2.729354513030002836e-03 9.997365713150632160e-01 2.117111202245002488e+01
9.995859378495134395e-01 -1.314463287962644791e-02 -2.559631770330809269e-02 -2.248459163906103842e-01 1.308011522547358405e-02 9.999108429720592328e-01 -2.686390253023306172e-03 0.000000000000000000e+00 2.562934722534341084e-02 2.350475135591437257e-03 9.996687510507870078e-01 2.204031911918339759e+01
9.995949751971583419e-01 -1.330346302981985813e-02 -2.515757206103989146e-02 -2.620647963409085124e-01 1.327097569978371271e-02 9.999108739233418808e-01 -1.457879909807687337e-03 0.000000000000000000e+00 2.517472471682645138e-02 1.123423904797478607e-03 9.996824351533654118e-01 2.290273265487159549e+01
9.995729508404413988e-01 -1.342472024677983725e-02 -2.595559350945308291e-02 -2.879727879673679158e-01 1.343445229301516025e-02 9.999097335517161955e-01 2.005994001829381737e-04 0.000000000000000000e+00 2.595055759938531478e-02 -5.492129171168575949e-04 9.996630767040730614e-01 2.375943486567290464e+01
9.994955352700227724e-01 -1.530356757191651297e-02 -2.782940521934394729e-02 -2.868067127274025463e-01 1.536941096707898982e-02 9.998795643732092397e-01 2.153591271119965293e-03 0.000000000000000000e+00 2.779309593794383748e-02 -2.580226426065913587e-03 9.996103672180353117e-01 2.461734077761593298e+01
9.994924589914604418e-01 -1.465246057940995314e-02 -2.828656603712962139e-02 -3.111912017765808280e-01 1.476677314777341370e-02 9.998836048089067008e-01 3.836566843516552635e-03 0.000000000000000000e+00 2.822705847243603752e-02 -4.252320932310814025e-03 9.995924924371348830e-01 2.544392613695514882e+01
9.994620439973502801e-01 -1.405504901608180604e-02 -2.963238440952900912e-02 -3.109363506171767266e-01 1.413072999117945087e-02 9.998974038222538940e-01 2.346124342279342669e-03 0.000000000000000000e+00 2.959636934752312917e-02 -2.763589453691883864e-03 9.995581111144954400e-01 2.626821250295906651e+01
9.994523710589473531e-01 -1.297618954779106680e-02 -3.043971894528822719e-02 -3.417669542567751684e-01 1.298144288478494598e-02 9.999157372066563854e-01 -2.504184913345335991e-05 0.000000000000000000e+00 3.043747895732289849e-02 -3.701233374245900933e-04 9.995366040738274949e-01 2.708209789523445465e+01
9.994040495402168878e-01 -1.321077466721907838e-02 -3.189076975094079502e-02 -3.613135996033111086e-01 1.316426875581361289e-02 9.999119563277629741e-01 -1.667819206786516151e-03 0.000000000000000000e+00 3.190999515418860982e-02 1.247006605332666527e-03 9.994899685258415989e-01 2.787877720307561447e+01
9.993399133103011422e-01 -1.303304722761438467e-02 -3.390984141693977050e-02 -3.738106274956280450e-01 1.297788161326676563e-02 9.999140789415499331e-01 -1.846435295287804194e-03 0.000000000000000000e+00 3.393099252588022835e-02 1.405138580492714664e-03 9.994231903111815418e-01 2.867163024447772557e+01
9.992895472531840850e-01 -1.394102504455542978e-02 -3.501497638486612829e-02 -4.069342692802133676e-01 1.386503862313675541e-02 9.999009665675258063e-01 -2.412003586804805939e-03 0.000000000000000000e+00 3.504513453397858913e-02 1.924805972267263580e-03 9.993838770299762198e-01 2.945642293269202483e+01
9.992029712069997460e-01 -1.443229298817479828e-02 -3.721735146683406714e-02 -4.417533775768683890e-01 1.431639087936363575e-02 9.998918063681165869e-01 -3.378832652080279112e-03 0.000000000000000000e+00 3.726208908920328189e-02 2.843321474076437178e-03 9.993014821562637984e-01 3.022793004540449147e+01
9.991197989487854425e-01 -1.432835901176574174e-02 -3.942493470591963700e-02 -4.678219204530544850e-01 1.418425845596968729e-02 9.998916657836368627e-01 -3.932366777824877931e-03 0.000000000000000000e+00 3.947700799947238826e-02 3.369692040975239347e-03 9.992147972357897645e-01 3.099453430476704696e+01
9.990394652585489199e-01 -1.470557344501494459e-02 -4.127823840188681037e-02 -5.094373298110735915e-01 1.459157742176613558e-02 9.998888500773718269e-01 -3.061594240409444903e-03 0.000000000000000000e+00 4.131867282784405793e-02 2.456338861302513436e-03 9.991429996127411117e-01 3.175391792941095659e+01
9.989551460821993745e-01 -1.523906281684735305e-02 -4.308581066142830318e-02 -5.436392336261728353e-01 1.523233822798778121e-02 9.998838638752414187e-01 -4.843903622442049172e-04 0.000000000000000000e+00 4.308818849750480073e-02 -1.724133957448922372e-04 9.990712578618335948e-01 3.249777940722616165e+01
9.988777245571496266e-01 -1.451118148343657176e-02 -4.508566285952397834e-02 -5.775347655735827423e-01 1.461416787250375757e-02 9.998912952504876994e-01 1.955448719241896331e-03 0.000000000000000000e+00 4.505238596259041051e-02 -2.612143612836209661e-03 9.989812106465393304e-01 3.323517068686498988e+01
9.988217963037570035e-01 -1.280810811052559423e-02 -4.680781553504618359e-02 -6.143052746674394493e-01 1.292260073970601629e-02 9.999142006816507111e-01 2.144216708703970513e-03 0.000000000000000000e+00 4.677633609696305733e-02 -2.746569096308922563e-03 9.989016121418291538e-01 3.396262116081063454e+01
9.987554633773760848e-01 -1.039411847392582126e-02 -4.877998231847414240e-02 -6.524541737691832433e-01 1.050178186151395215e-02 9.999429507904198378e-01 1.951343710614124099e-03 0.000000000000000000e+00 4.875691696132875008e-02 -2.461191925419546275e-03 9.988076419324866118e-01 3.470400606394539267e+01
9.986011969507759822e-01 -8.452394811375432346e-03 -5.219393135631583691e-02 -6.687136154592692172e-01 8.546624608448023797e-03 9.999622248237972633e-01 1.582445335425783318e-03 0.000000000000000000e+00 5.217858426862041071e-02 -2.026313744206378019e-03 9.986357140601045401e-01 3.539452993681553039e+01
9.985283867815979431e-01 -7.802389210845943855e-03 -5.366734122293633641e-02 -7.093463625710785259e-01 7.945626007655203632e-03 9.999654166386943155e-01 2.456125799958208157e-03 0.000000000000000000e+00 5.364632157644314697e-02 -2.878931954947080551e-03 9.985558491802639658e-01 3.608689725908629953e+01
9.984685536812900608e-01 -7.132892155212943244e-03 -5.486045168508858760e-02 -7.493462322142042664e-01 7.397810489301806861e-03 9.999619291201458093e-01 4.627386981534136780e-03 0.000000000000000000e+00 5.482535644712475259e-02 -5.026147611699250187e-03 9.984833088893541042e-01 3.677435694548551481e+01
9.984421043884065261e-01 -3.815141334100508302e-03 -5.566694603665604812e-02 -7.784594281015971839e-01 4.052490879686346074e-03 9.999831711107612930e-01 4.151483220708982423e-03 0.000000000000000000e+00 5.565017072855452801e-02 -4.370605434330819203e-03 9.984407625422864196e-01 3.745074593233685789e+01
9.985278527153034211e-01 -6.865366531437137702e-04 -5.423703549408291635e-02 -8.294673118833866265e-01 7.968775283742076483e-04 9.999976567691779561e-01 2.012819503509261955e-03 0.000000000000000000e+00 5.423552652982505801e-02 -2.053076611532915485e-03 9.985260600196982361e-01 3.811192766180142399e+01
9.983875912174452472e-01 7.916443604413194628e-04 -5.675906097031126196e-02 -8.226311500571251711e-01 -9.391917569433163226e-04 9.999962490172139562e-01 -2.572910869440869861e-03 0.000000000000000000e+00 5.675681123767160885e-02 2.622069927553876897e-03 9.983845897886387544e-01 3.876500876382284133e+01
9.985149297581376038e-01 1.439420612660099151e-03 -5.445973850835932745e-02 -8.684916846008997604e-01 -1.683273069946897771e-03 9.999887616526474954e-01 -4.432060488396651066e-03 0.000000000000000000e+00 5.445274687167839245e-02 4.517149178483129135e-03 9.985061310384779620e-01 3.940106748009297633e+01
9.987095342443689239e-01 2.591201011841145260e-03 -5.072033011238512301e-02 -9.204025385465506304e-01 -2.768181288185671707e-03 9.999903223902893989e-01 -3.419400256964216355e-03 0.000000000000000000e+00 5.071097890742098241e-02 3.555390706776033818e-03 9.987070420374410951e-01 4.003647063202303258e+01
9.988106995409975486e-01 7.362449670491585940e-03 -4.819731130747793163e-02 -9.611702008566871402e-01 -7.393052479179000949e-03 9.999725667189287570e-01 -4.567106242105301982e-04 0.000000000000000000e+00 4.819262658810604533e-02 8.124927099075605246e-04 9.988377298631333501e-01 4.068531139643003058e+01
9.989408045441559025e-01 1.109515715796442759e-02 -4.465609145807335201e-02 -9.938640826821655283e-01 -1.094354229090976904e-02 9.999334989325378009e-01 3.638213113140093165e-03 0.000000000000000000e+00 4.469348832658796150e-02 -3.145663708924579562e-03 9.989957942359084520e-01 4.129036569151806191e+01
9.990706114691011441e-01 1.580165745389092852e-02 -4.010262984472857950e-02 -1.030461700775753275e+00 -1.562345964726665100e-02 9.998666489906611332e-01 4.753077406636625063e-03 0.000000000000000000e+00 4.017238861959395585e-02 -4.122118131879515257e-03 9.991842609522555430e-01 4.188853353652733347e+01
9.992084852593573485e-01 1.942391236793156173e-02 -3.471476075130398853e-02 -1.062235133018130995e+00 -1.927688818598396331e-02 9.998037622479003517e-01 4.564929003381774583e-03 0.000000000000000000e+00 3.479661718561782857e-02 -3.892123233379018738e-03 9.993868354191860481e-01 4.247282816594042032e+01
9.993490957266876196e-01 2.282766129743408687e-02 -2.793354166477402672e-02 -1.116601410416007578e+00 -2.269307336958710855e-02 9.997293389187460466e-01 5.125751274432254270e-03 0.000000000000000000e+00 2.804299005617220952e-02 -4.488516990552187703e-03 9.995966406125704751e-01 4.303901150190866787e+01
9.994278432390731881e-01 2.704879011421511617e-02 -2.030638106230541959e-02 -1.148696167117946088e+00 -2.692206581669711121e-02 9.996164785415432297e-01 6.488312597575416653e-03 0.000000000000000000e+00 2.047409413507247228e-02 -5.937910538196914355e-03 9.997727505227325118e-01 4.358637385366169781e+01
9.994450745173434347e-01 3.066639334720611815e-02 -1.300443547765407944e-02 -1.162054041085702760e+00 -3.058218585066020331e-02 9.995102964238450349e-01 6.625500080017355901e-03 0.000000000000000000e+00 1.320124735067139572e-02 -6.224119358526671204e-03 9.998934880308996132e-01 4.411333340892633004e+01
9.994045723228087708e-01 3.413799777945470543e-02 -5.009783215861786203e-03 -1.191997080570275980e+00 -3.410332697530133600e-02 9.993948361287393611e-01 6.850153897788769861e-03 0.000000000000000000e+00 5.240602014609203191e-03 -6.675224851478673595e-03 9.999639880834250150e-01 4.462003210835487721e+01
9.992812989260650980e-01 3.781869342044229254e-02 2.575275636407421253e-03 -1.194658630567424940e+00 -3.783521008427864762e-02 9.992615363948690321e-01 6.699161114758187680e-03 0.000000000000000000e+00 -2.320020368702657276e-03 -6.791782515198575322e-03 9.999742442661994080e-01 4.510348047134440463e+01
9.990689638002818729e-01 4.186015859525445831e-02 1.043708260997830255e-02 -1.193307408723708551e+00 -4.190581344651686524e-02 9.991127606224576851e-01 4.194563237571841650e-03 0.000000000000000000e+00 -1.025223733693656457e-02 -4.628032384134946747e-03 9.999367344716564299e-01 4.556751962218021390e+01
9.988494242780551202e-01 4.403709362830628138e-02 1.898847029555919205e-02 -1.190780014097361228e+00 -4.407017085571530296e-02 9.990275569410351775e-01 1.326843311039320027e-03 0.000000000000000000e+00 -1.891157476630065185e-02 -2.162141807552441387e-03 9.998188223286575971e-01 4.600707362090302865e+01
9.986440921051430442e-01 4.452737657036448526e-02 2.696831546928844109e-02 -1.176621640532404367e+00 -4.458148096840917202e-02 9.990047592888150474e-01 1.408003180832942272e-03 0.000000000000000000e+00 -2.687878081597516733e-02 -2.608381501047877561e-03 9.996352972398447889e-01 4.642874686300287124e+01
9.984639610128979159e-01 4.347336233734975380e-02 3.434800322454749366e-02 -1.148793656731209589e+00 -4.360864642587989476e-02 9.990435688420575833e-01 3.198986124715854848e-03 0.000000000000000000e+00 -3.417608104113750711e-02 -4.691942285363004221e-03 9.994048134576205555e-01 4.682535832926905073e+01
9.981270072018439965e-01 4.455242974305839015e-02 4.192324532133183401e-02 -1.122321192895584963e+00 -4.476554897126142074e-02 9.989888666123415417e-01 4.158125766607588536e-03 0.000000000000000000e+00 -4.169560072218778807e-02 -6.027054718458798102e-03 9.991121816351943297e-01 4.719689633566043341e+01
9.976240154156269524e-01 4.689554765222909982e-02 5.046911408367156515e-02 -1.102576156987215228e+00 -4.717984084957907442e-02 9.988764728310155494e-01 4.455854808911872793e-03 0.000000000000000000e+00 -5.020345091128013831e-02 -6.826392536862187221e-03 9.987156822046664439e-01 4.755969372052672384e+01
9.968210857854473694e-01 5.227862524664569216e-02 6.012211137206852074e-02 -1.103284779642798252e+00 -5.262985989671678522e-02 9.986049495340768578e-01 4.272307724773277346e-03 0.000000000000000000e+00 -5.981488761810355853e-02 -7.422944723224410811e-03 9.981818867876086632e-01 4.787131251732072457e+01
9.961916465419641264e-01 5.577542100475756798e-02 6.701720504277516866e-02 -1.047145195024533182e+00 -5.623202537372074677e-02 9.984054828115593860e-01 4.944816901161068826e-03 0.000000000000000000e+00 -6.663454571295818196e-02 -8.694498465056928888e-03 9.977395667277458857e-01 4.816517765346975466e+01
9.956090051257519002e-01 5.468789107534478139e-02 7.597330769576220166e-02 -1.016703463156313880e+00 -5.530222393467592451e-02 9.984516064218231790e-01 6.004470131429883936e-03 0.000000000000000000e+00 -7.552729930549907655e-02 -1.017959740910884953e-02 9.970917725346084559e-01 4.843949828957594406e+01
9.948295661311579163e-01 5.310657702559148235e-02 8.656688643996766908e-02 -9.815997966462138846e-01 -5.373674377831290372e-02 9.985427991977067208e-01 4.963923701197055574e-03 0.000000000000000000e+00 -8.617712410720720917e-02 -9.590080658280467421e-03 9.962336742118185207e-01 4.870503543204380748e+01
9.937815768004270023e-01 5.106852600584019936e-02 9.894535493716352659e-02 -9.520054300321781904e-01 -5.144953526163672380e-02 9.986747478843537307e-01 1.301253043489395723e-03 0.000000000000000000e+00 -9.874777432130667221e-02 -6.383853829189564330e-03 9.950920175927835398e-01 4.896498400780347993e+01
9.923513484241034410e-01 5.164044310531313436e-02 1.121252242661904819e-01 -9.065883539018675386e-01 -5.177570073214856489e-02 9.986572797253221445e-01 -1.707180515925841528e-03 0.000000000000000000e+00 -1.120628310125671850e-01 -4.111239169148516413e-03 9.936926182768711646e-01 4.922082609588959912e+01
9.904241284939079293e-01 5.282013715341795507e-02 1.275542190920002372e-01 -8.688459138030701912e-01 -5.285910333812746109e-02 9.985972246138228314e-01 -3.081913019325521579e-03 0.000000000000000000e+00 -1.275380762414290992e-01 -3.690000631938254901e-03 9.918268109927116383e-01 4.947611938308635615e+01
9.882924137149085020e-01 5.374781800627488615e-02 1.427910258143610944e-01 -8.052134378988210495e-01 -5.377305680462712151e-02 9.985463830612706371e-01 -3.685001647171821156e-03 0.000000000000000000e+00 -1.427815231584221023e-01 -4.036450769879252817e-03 9.897459995926954912e-01 4.973551214179078528e+01
9.859121076673919015e-01 5.398321773736222684e-02 1.583133859076823746e-01 -7.154078973556282639e-01 -5.403681590754172426e-02 9.985310553198257777e-01 -3.969142029302278642e-03 0.000000000000000000e+00 -1.582950993600493184e-01 -4.641526106252262182e-03 9.873809385206895328e-01 4.996011407025318363e+01
9.829295876361962003e-01 5.280254408162020352e-02 1.762422114246162408e-01 -6.482372376712652873e-01 -5.295412215289724972e-02 9.985895384496829008e-01 -3.846380878729300200e-03 0.000000000000000000e+00 -1.761967272577608379e-01 -5.552030021254586965e-03 9.843393156154527368e-01 5.020286462403681327e+01
9.795269909867457825e-01 5.125864936897436830e-02 1.946777460145691363e-01 -5.634012768910257041e-01 -5.177521996902226253e-02 9.986557892128758995e-01 -2.437471798083385051e-03 0.000000000000000000e+00 -1.945409996006056685e-01 -7.691913706986255872e-03 9.808642280855804918e-01 5.044426806022102028e+01
9.750193483036673214e-01 5.136684422479118051e-02 2.160988610517677322e-01 -5.251760602485752161e-01 -5.173937654863037389e-02 9.986528615999361591e-01 -3.936868376911463463e-03 0.000000000000000000e+00 -2.160099704824827715e-01 -7.342297504473879570e-03 9.763635507942279856e-01 5.068075151004981649e+01
9.698956651768285697e-01 5.289815457797557990e-02 2.377060872452265439e-01 -4.634619474836585984e-01 -5.326738513557206095e-02 9.985683893357083507e-01 -4.874166626906372389e-03 0.000000000000000000e+00 -2.376236190954256755e-01 -7.934548615575189381e-03 9.713248985721817386e-01 5.092221824354097492e+01
9.640830688758196265e-01 5.339303809513822052e-02 2.601788227161199729e-01 -3.722495330008735448e-01 -5.381054873540376537e-02 9.985358876122962801e-01 -5.523223254387250696e-03 0.000000000000000000e+00 -2.600927933483899168e-01 -8.675519194509748178e-03 9.655446515904571037e-01 5.115488732515748183e+01
9.571756654204606196e-01 5.359808578191229550e-02 2.845030592584314455e-01 -2.796693183064264399e-01 -5.435392440352636301e-02 9.985079639297114174e-01 -5.243745882226682510e-03 0.000000000000000000e+00 -2.843596251735217573e-01 -1.044467182138862638e-02 9.586607911048188324e-01 5.139283384527648479e+01
9.491130968864556205e-01 5.630265409665083376e-02 3.098618086506765845e-01 -1.665504859790069569e-01 -5.754826178634849659e-02 9.983295583241516002e-01 -5.127430318794652664e-03 0.000000000000000000e+00 -3.096328905073927329e-01 -1.296549721287939584e-02 9.507677786915470497e-01 5.162447482876952165e+01
9.396305210016188125e-01 5.788688875510989568e-02 3.372589392625116034e-01 -6.641080702649621026e-02 -5.971383657345846752e-02 9.982031971904716805e-01 -4.963349715488422562e-03 0.000000000000000000e+00 -3.369402643257354835e-01 -1.547531030298150527e-02 9.413988384564367928e-01 5.186884438027892941e+01
9.286367525326337802e-01 5.792776771032519256e-02 3.664398389555071911e-01 3.393943563851033185e-02 -6.040172642283007237e-02 9.981629828387799108e-01 -4.721348910097032670e-03 0.000000000000000000e+00 -3.660401798857306765e-01 -1.774918078356998649e-02 9.304297680592190645e-01 5.210492948099382460e+01
9.162260044261554270e-01 5.534815741986098131e-02 3.968204761394042435e-01 1.602034893332905940e-01 -5.878373091790992794e-02 9.982645698573723303e-01 -3.510206097500436200e-03 0.000000000000000000e+00 -3.963261053635564468e-01 -2.011044598466986064e-02 9.178895293931892407e-01 5.233376292713453637e+01
9.020737987806305425e-01 5.174559527132639031e-02 4.284684993362915528e-01 3.318727439582146999e-01 -5.614363472496795154e-02 9.984198745672188124e-01 -2.376204757357025868e-03 0.000000000000000000e+00 -4.279144234929962431e-01 -2.191226686574146779e-02 9.035535948284741936e-01 5.253885081193703144e+01
8.850762191349134111e-01 4.905466666230105105e-02 4.628538927139886905e-01 4.762819058698943842e-01 -5.368428443752611134e-02 9.985529153321500706e-01 -3.173781040807145942e-03 0.000000000000000000e+00 -4.623397927133991447e-01 -2.203894190551342752e-02 8.864289035864146848e-01 5.276391478883864039e+01
8.659293320251296722e-01 4.808745632745019954e-02 4.978493632440075256e-01 6.321738942105219472e-01 -5.228418020887071888e-02 9.986170082520543501e-01 -5.516822418983919826e-03 0.000000000000000000e+00 -4.974261316400558908e-01 -2.125246747254832050e-02 8.672459721370486818e-01 5.298780153050813624e+01
8.440584488967275423e-01 4.841391402440260727e-02 5.340612584478340308e-01 7.987193066094343541e-01 -5.216129037295772625e-02 9.986059239917798314e-01 -8.087543208620925211e-03 0.000000000000000000e+00 -5.337082860820784314e-01 -2.103096520278990855e-02 8.454070994911063730e-01 5.322275139146013601e+01
8.199759927390947167e-01 4.962313004182143661e-02 5.702428572953675001e-01 9.941247958109244998e-01 -5.338177906078361845e-02 9.985227668420787461e-01 -1.013260886174799889e-02 0.000000000000000000e+00 -5.699032874057078368e-01 -2.213208220868148612e-02 8.214136679781208761e-01 5.345152881661518762e+01
7.933717935555533174e-01 5.206936174821203550e-02 6.065063715721167314e-01 1.201007353179512682e+00 -5.610576638908559843e-02 9.983488476787483190e-01 -1.231752070866770285e-02 0.000000000000000000e+00 -6.061463026104576546e-01 -2.425613130012272203e-02 7.949832073232853125e-01 5.367420013905596221e+01
7.639558995214805748e-01 5.578953576253879026e-02 6.428521690760036211e-01 1.425278776970237749e+00 -5.998597415662049182e-02 9.980814742264157990e-01 -1.533146146019182497e-02 0.000000000000000000e+00 -6.424741757384474505e-01 -2.684955316991973276e-02 7.658368200888311383e-01 5.391178201568143891e+01
7.320540468103438059e-01 5.522360238010633193e-02 6.790045848805145168e-01 1.690575279840437872e+00 -6.108576239363372462e-02 9.980150889683053750e-01 -1.531051352415748260e-02 0.000000000000000000e+00 -6.785023229005026080e-01 -3.026938935209397274e-02 7.339743605105476520e-01 5.412885307066144236e+01
6.970573701923925558e-01 5.129963365015464266e-02 7.151778591705862942e-01 1.984799969887716564e+00 -6.119212413887913093e-02 9.980544843652131570e-01 -1.194864770003758840e-02 0.000000000000000000e+00 -7.143994307135383970e-01 -3.543435939659980022e-02 6.988403677309420470e-01 5.433594485091556692e+01
6.587034932834943124e-01 4.766290552372018374e-02 7.508914404713613600e-01 2.303433585551950546e+00 -6.171809894062628421e-02 9.980511223731124426e-01 -9.210504488058476880e-03 0.000000000000000000e+00 -7.498670443480407455e-01 -4.027660073549246128e-02 6.603614247015949790e-01 5.455950926772284504e+01
6.182801345276853766e-01 4.626586562477486009e-02 7.845948922382910418e-01 2.651572717640535704e+00 -6.366387433109671479e-02 9.979336730289634083e-01 -8.677288751383573431e-03 0.000000000000000000e+00 -7.833751249264757632e-01 -4.458535536373691571e-02 6.199480298650124066e-01 5.475532275544206584e+01
5.732876744335335673e-01 4.227749907880518077e-02 8.182627056234631491e-01 3.006718468019581536e+00 -6.283343880293458528e-02 9.979955316662411091e-01 -7.541733382523322163e-03 0.000000000000000000e+00 -8.169413695674728748e-01 -4.709067684645016488e-02 5.747949780951090437e-01 5.495997822686023682e+01
5.263385610709843121e-01 3.855846763447592224e-02 8.494003553704255749e-01 3.391368850910710719e+00 -6.349289113797243478e-02 9.979645023890688638e-01 -5.958585929387497267e-03 0.000000000000000000e+00 -8.479011569190463282e-01 -5.079465075199712104e-02 5.277153887753487371e-01 5.514759513164567295e+01
4.781836449186462334e-01 3.617676482795631476e-02 8.775144690652681989e-01 3.790851039088986241e+00 -6.645276698069610410e-02 9.977774285223212081e-01 -4.922691539361930858e-03 0.000000000000000000e+00 -8.757422174892089961e-01 -5.595931395188056406e-02 4.795248937115874077e-01 5.533061963711067222e+01
4.290313657513897261e-01 3.522885826590450159e-02 9.026023569361965038e-01 4.216981962083860225e+00 -7.139411986788174458e-02 9.974356785740164932e-01 -4.994672750031644778e-03 0.000000000000000000e+00 -9.004637509915529581e-01 -6.229762959270743194e-02 4.304463247576209017e-01 5.549773228289125626e+01
3.808756491080630413e-01 3.713750961835989711e-02 9.238801574316104492e-01 4.658529190660142483e+00 -7.592352550574710257e-02 9.970749890681213090e-01 -8.779775030259319435e-03 0.000000000000000000e+00 -9.215038568510062200e-01 -6.680023618333892632e-02 3.825811943294665785e-01 5.563897763915196748e+01
3.318810542152712539e-01 3.369003955999520794e-02 9.427194424044758048e-01 5.111820308392283962e+00 -7.605155975389030210e-02 9.970645352202975875e-01 -8.858491120437406163e-03 0.000000000000000000e+00 -9.402505656004417345e-01 -6.875531863336988014e-02 3.334690091262808576e-01 5.577854784526428489e+01
2.855163300149836658e-01 2.217785646648693515e-02 9.581171994997932373e-01 5.591676968497901967e+00 -7.503297504546199703e-02 9.971807913915483601e-01 -7.224510716385741270e-04 0.000000000000000000e+00 -9.554320896592242152e-01 -7.168411234210533833e-02 2.863754704703646015e-01 5.587546313734191017e+01
2.423591614270654837e-01 7.639378102720562579e-03 9.701565217914960293e-01 6.093518658864541138e+00 -7.534410569263520763e-02 9.970972436048628484e-01 1.097053020414585391e-02 0.000000000000000000e+00 -9.672565857153606617e-01 -7.575438401694420398e-02 2.422312339325105590e-01 5.594622480151230093e+01
2.019059292876563272e-01 -1.285969016603973926e-03 9.794040749364771870e-01 6.617399696362641137e+00 -7.396805548667541308e-02 9.971231434811292926e-01 1.655788337407812852e-02 0.000000000000000000e+00 -9.766077628638830666e-01 -7.578774978845660704e-02 2.012299542712121525e-01 5.599961497175134895e+01
1.638255116801653199e-01 -4.619981144507787248e-03 9.864785134492066732e-01 7.129345066540065723e+00 -7.237039085660354476e-02 9.972381881341112475e-01 1.668899800034872802e-02 0.000000000000000000e+00 -9.838311482413965026e-01 -7.412591922679612200e-02 1.630387065968932347e-01 5.606426550298775879e+01
1.298985033013585755e-01 -1.265369870356013865e-02 9.914465506265011108e-01 7.659796178833315317e+00 -6.951060997344497838e-02 9.973421965092946762e-01 2.183616640192167016e-02 0.000000000000000000e+00 -9.890877887938849256e-01 -7.175253982356458171e-02 1.286736922905415692e-01 5.612716746065573403e+01
1.004346185897439236e-01 -2.069741210120353697e-02 9.947283571513613198e-01 8.211677154280630830e+00 -7.026369393768923388e-02 9.971398308474873629e-01 2.784189382338076585e-02 0.000000000000000000e+00 -9.924595209392441664e-01 -7.268957882499058054e-02 9.869308196262721600e-02 5.616862336198185801e+01
7.573244490470107393e-02 -2.852771426957975004e-02 9.967200039666658240e-01 8.777757733118138006e+00 -7.097062090516055577e-02 9.969013192180540273e-01 3.392536970523582496e-02 0.000000000000000000e+00 -9.945993000988303523e-01 -7.330708874218129500e-02 7.347314463838708343e-02 5.619733617344906662e+01
5.552601834263048985e-02 -3.331274018460349262e-02 9.979013591675315320e-01 9.355364461619682714e+00 -7.151524766928531174e-02 9.967435746841072364e-01 3.725339819058011426e-02 0.000000000000000000e+00 -9.958927806936875848e-01 -7.343369572163753467e-02 5.296283314596332559e-02 5.622748751693459468e+01
4.051224236693845571e-02 -3.825537289581271844e-02 9.984464355502524757e-01 9.938497462150504447e+00 -6.902410971227546099e-02 9.967724594038260832e-01 4.099190715828603115e-02 0.000000000000000000e+00 -9.967920698404562074e-01 -7.057755038712998363e-02 3.774094440421139202e-02 5.624147103436339279e+01
2.768245978719376804e-02 -4.096568680901514770e-02 9.987769990965930100e-01 1.054459299793965776e+01 -6.865201139565636768e-02 9.967228361425446437e-01 4.278421722189484910e-02 0.000000000000000000e+00 -9.972565280565737211e-01 -6.975242229646998193e-02 2.477936303284915265e-02 5.624727683027946057e+01
1.587026207521852889e-02 -4.205614316510157547e-02 9.989891969404574024e-01 1.114608721300664129e+01 -6.766503739094856251e-02 9.967793978304708702e-01 4.303806194059373730e-02 0.000000000000000000e+00 -9.975818650599739268e-01 -6.827966668633600467e-02 1.297341977496120104e-02 5.626887774384910301e+01
5.012972406161348565e-03 -4.700013558293070215e-02 9.988823040593124425e-01 1.176650016496216189e+01 -6.427049196643017104e-02 9.968144596232396681e-01 4.722538457671665579e-02 0.000000000000000000e+00 -9.979199236261588890e-01 -6.443539664820634172e-02 1.976281543748832289e-03 5.627657046767925664e+01
-1.771027309748086876e-03 -5.112585175850697244e-02 9.986906481710114969e-01 1.239814825423268196e+01 -6.229334044539130977e-02 9.967582725184090942e-01 5.091646003276897176e-02 0.000000000000000000e+00 -9.980563126389279116e-01 -6.212160210491119577e-02 -4.950086211001990429e-03 5.628361088108329824e+01
-6.459628411808893654e-03 -5.135152478306230506e-02 9.986597489151325391e-01 1.303807128929760317e+01 -6.309025138307418346e-02 9.967118847686973204e-01 5.084327823073919034e-02 0.000000000000000000e+00 -9.979869204459508314e-01 -6.267726592060428314e-02 -9.678169016708341663e-03 5.626951576198836591e+01
-1.026222781850336628e-02 -4.847269998576850258e-02 9.987717877654987975e-01 1.369302574602133227e+01 -6.566348511063484217e-02 9.967011852517271286e-01 4.769752657029589782e-02 0.000000000000000000e+00 -9.977890525573617220e-01 -6.509335353081811826e-02 -1.341126104381466615e-02 5.626318105388732960e+01
-1.273260863272081440e-02 -4.587317062799627088e-02 9.988661236091350704e-01 1.435588266716672834e+01 -7.270110984019639844e-02 9.963457018009361787e-01 4.483069407001964018e-02 0.000000000000000000e+00 -9.972724950109675968e-01 -7.204786408583180313e-02 -1.602111030047027873e-02 5.624949723915442945e+01
-1.386430350246522017e-02 -4.666468391706671270e-02 9.988143913477172120e-01 1.503801303746278428e+01 -7.858957871814617469e-02 9.958710869005065192e-01 4.543628937869561429e-02 0.000000000000000000e+00 -9.968106436055377273e-01 -7.786645972766630119e-02 -1.747441684817765267e-02 5.623296072498827414e+01
-1.436113014232725561e-02 -4.906873793380529813e-02 9.986921532177057692e-01 1.572573063006440286e+01 -8.119356990678537611e-02 9.955540310564822137e-01 4.774699417740414092e-02 0.000000000000000000e+00 -9.965948836647807729e-01 -8.040168036035288956e-02 -1.828134700738820451e-02 5.622157927208314732e+01
-1.452792489465930433e-02 -5.183331225866712189e-02 9.985500724242873938e-01 1.641779230928042921e+01 -7.901673333505870866e-02 9.955918144902783373e-01 5.053013727477610739e-02 0.000000000000000000e+00 -9.967674228481295806e-01 -7.816806675520841796e-02 -1.855958211926966514e-02 5.621122764435152419e+01
-1.446179216761427945e-02 -5.337957578341070985e-02 9.984695676166012168e-01 1.711527393639888572e+01 -7.241995115018903806e-02 9.960073361314046858e-01 5.219901385872974947e-02 0.000000000000000000e+00 -9.972693754661755561e-01 -7.155422602196495618e-02 -1.826979736320531039e-02 5.618933461164277077e+01
-1.215770535608088135e-02 -5.426557211266136438e-02 9.984525215971754575e-01 1.781905488048807129e+01 -6.453594872710263775e-02 9.964870507300173097e-01 5.337292430888879169e-02 0.000000000000000000e+00 -9.978413208132634882e-01 -6.378718845250140601e-02 -1.561707613343652629e-02 5.617063070761349763e+01
-9.802253402045053854e-03 -5.448816811126228066e-02 9.984663015666174202e-01 1.854025734481392007e+01 -6.352722015053070825e-02 9.965311201782992567e-01 5.375889522792937081e-02 0.000000000000000000e+00 -9.979319656811173056e-01 -6.290283023887009717e-02 -1.322973241421603052e-02 5.614010389102015353e+01
-7.581704007971342210e-03 -5.456256592719468251e-02 9.984815692659402275e-01 1.927909107318488680e+01 -6.765309168301475440e-02 9.962504426243629085e-01 5.392693906098922768e-02 0.000000000000000000e+00 -9.976800975012261041e-01 -6.714150705933237540e-02 -1.124460224892267872e-02 5.615438737327959018e+01
-4.013011498071220040e-03 -5.391608765220193278e-02 9.985374060249302408e-01 2.001760088748095612e+01 -7.459015671098585820e-02 9.957798667543501514e-01 5.346742455471906186e-02 0.000000000000000000e+00 -9.972061994695670117e-01 -7.426649620767018789e-02 -8.017685482055357526e-03 5.612567100609320647e+01
-1.265928315993863820e-03 -5.197486936468578150e-02 9.986475906845330153e-01 2.075410937275516687e+01 -7.631536962570380223e-02 9.957410790251207677e-01 5.172685860146120085e-02 0.000000000000000000e+00 -9.970829262325083819e-01 -7.614667751390735706e-02 -5.227018194151162103e-03 5.612528770452995275e+01
2.037989550141523949e-03 -5.889073843102365924e-02 9.982623540561083031e-01 2.148163060529481427e+01 -7.098744698017861454e-02 9.957374842601973697e-01 5.888671166234231424e-02 0.000000000000000000e+00 -9.974751269930597353e-01 -7.098410643387603747e-02 -2.151200584390651569e-03 5.610542342943635674e+01
4.932855772750823278e-03 -5.983090133524445603e-02 9.981963384922516447e-01 2.221221136743854174e+01 -6.574703462524258968e-02 9.960292250548090642e-01 6.002591335996530775e-02 0.000000000000000000e+00 -9.978241299807814046e-01 -6.592454840287248485e-02 9.795641708911179222e-04 5.610059383302614577e+01
6.711187899803598353e-03 -5.326922171894361152e-02 9.985576347784999029e-01 2.294972534466535308e+01 -6.506738852850782462e-02 9.964406460630209628e-01 5.359359871835300826e-02 0.000000000000000000e+00 -9.978583040226928214e-01 -6.533321430146568631e-02 3.221211260531663817e-03 5.612652262264484904e+01
1.024276129974422897e-02 -4.841169130609759841e-02 9.987749466150220856e-01 2.368074528662672051e+01 -6.896231059401297658e-02 9.964149515580391636e-01 4.900453069991822508e-02 0.000000000000000000e+00 -9.975666822616334750e-01 -6.937976979254882604e-02 6.867458412071415948e-03 5.613332553053744078e+01
1.440739085369363223e-02 -5.229202479220038113e-02 9.985279020798175642e-01 2.442440227156332710e+01 -7.276515210044531834e-02 9.959288998100505053e-01 5.320581888229748702e-02 0.000000000000000000e+00 -9.972450349480711518e-01 -7.342459169970423638e-02 1.054369978440656934e-02 5.614648387127611073e+01
1.831606787377078327e-02 -5.679449466036838590e-02 9.982178655152984526e-01 2.516489555544356094e+01 -7.187631738433340745e-02 9.957274144786645298e-01 5.797164009146382746e-02 0.000000000000000000e+00 -9.972453643195847706e-01 -7.281003661515812742e-02 1.415563178347285615e-02 5.615004206298926448e+01
