1.000000000000000000e+00 0.000000000000000000e+00 0.000000000000000000e+00 0.000000000000000000e+00 0.000000000000000000e+00 1.000000000000000000e+00 0.000000000000000000e+00 0.000000000000000000e+00 0.000000000000000000e+00 0.000000000000000000e+00 1.000000000000000000e+00 0.000000000000000000e+00
9.999986861986751574e-01 -1.578762651798833487e-03 -3.675723229946241399e-04 -1.411076569441944116e-02 1.579196614036512767e-03 9.999980529254298700e-01 1.183335710416798942e-03 0.000000000000000000e+00 3.657034010797477475e-04 -1.183914624716658065e-03 9.999992323032971253e-01 1.310694262624454653e+00
9.999958894131600884e-01 -2.867076984986688653e-03 3.203661305481409030e-05 -6.890979811319776493e-02 2.867038887482861211e-03 9.999952494263817382e-01 1.131906659731014408e-03 0.000000000000000000e+00 -3.528172439580300266e-05 -1.131810156714955487e-03 9.999993588802789102e-01 2.624423849586082547e+00
9.999850154619046583e-01 -5.342680431306158148e-03 1.193573400772460213e-03 -1.315560838637832852e-01 5.340432425526026733e-03 9.999839749322689819e-01 1.878738983347201866e-03 0.000000000000000000e+00 -1.203591775679745211e-03 -1.872336633219647559e-03 9.999975228581166053e-01 3.939531959353812063e+00
9.999819233190073708e-01 -5.949477808259351699e-03 -8.699132301189564870e-04 -8.911444339655885671e-02 5.950492569918404070e-03 9.999816128236295176e-01 1.168611495715866097e-03 0.000000000000000000e+00 8.629446067106984284e-04 -1.173766783310997795e-03 9.999989387985089850e-01 5.258316665906017207e+00
9.999793602699986739e-01 -6.086037540760006956e-03 -2.058927161633569702e-03 -3.568465982062857256e-02 6.089113960357840291e-03 9.999803492668271065e-01 1.491231495144062884e-03 0.000000000000000000e+00 2.049811011343856317e-03 -1.503737758651953324e-03 9.999967685185643385e-01 6.577961902924976734e+00
9.999697976174966030e-01 -7.512172639390418336e-03 -1.992765680926601637e-03 -4.686091918976315746e-02 7.517225920688941528e-03 9.999685179377419963e-01 2.540560539153074050e-03 0.000000000000000000e+00 1.973617815182399440e-03 -2.555463878002471080e-03 9.999947872049573805e-01 7.905142357690012389e+00
9.999751518120907345e-01 -6.888683585100187530e-03 -1.497263120257949411e-03 -8.837707686938001128e-02 6.893120536323764889e-03 9.999718057334736621e-01 2.978695588222130246e-03 0.000000000000000000e+00 1.476701614618831492e-03 -2.988942388197050101e-03 9.999944427724294371e-01 9.234780425820416028e+00
9.999801682647432299e-01 -6.093419553620817684e-03 -1.591639205516050303e-03 -1.336359987403123450e-01 6.095366316908636117e-03 9.999806774707895585e-01 1.221144759239908536e-03 0.000000000000000000e+00 1.584167503667022626e-03 -1.230822165822411480e-03 9.999979877430338338e-01 1.056478681674501630e+01
9.999924749159235793e-01 -3.117436972464737548e-03 -2.309047043731433241e-03 -1.242082196264375493e-01 3.114726768163653733e-03 9.999944572643257867e-01 -1.176400350918098371e-03 0.000000000000000000e+00 2.312701599242149731e-03 1.169199447770379692e-03 9.999966421863448751e-01 1.189945406445568565e+01
9.999986761078083486e-01 5.155820639576152433e-04 -1.543359247425478767e-03 -1.898053580287813458e-01 -5.185864995793362580e-04 9.999979702850246843e-01 -1.946919072199787895e-03 0.000000000000000000e+00 1.542352318292193472e-03 1.947716859958465059e-03 9.999969137694176835e-01 1.323573523976842381e+01
9.999914133366804014e-01 3.336606433623536157e-03 -2.457704297994310876e-03 -1.865101209414181394e-01 -3.342168372094954203e-03 9.999918555987173940e-01 -2.262442663813035715e-03 0.000000000000000000e+00 2.450135400716185047e-03 2.270637298552227040e-03 9.999944205058232116e-01 1.457427891470809023e+01
9.999827270135203117e-01 4.994183436863079695e-03 -3.099000871736420221e-03 -1.909542682452299578e-01 -5.000289133180710159e-03 9.999855666501591411e-01 -1.965604218914659106e-03 0.000000000000000000e+00 3.089139554738841963e-03 1.981066167442135754e-03 9.999932662741544132e-01 1.592463412140278223e+01
9.999925024067057855e-01 2.833418578660483120e-03 -2.639482815542283298e-03 -2.116197350523630616e-01 -2.831516159304800755e-03 9.999957290068658411e-01 7.242128607393763778e-04 0.000000000000000000e+00 2.641523540503510226e-03 -7.167336926415559780e-04 9.999962543160846318e-01 1.727616578789040247e+01
9.999970009896009815e-01 -1.074631711922696513e-03 -2.200722265270341291e-03 -2.350718709722433297e-01 1.080479506264801857e-03 9.999958844474741149e-01 2.657753214991087978e-03 0.000000000000000000e+00 2.197857102194889379e-03 -2.660123079668464448e-03 9.999940465669583389e-01 1.862855187023941284e+01
9.999974713417142391e-01 -1.666847690113702242e-03 -1.509612187393911172e-03 -2.438098235717525986e-01 1.665002172112187411e-03 9.999978660854754731e-01 -1.222944096719774231e-03 0.000000000000000000e+00 1.511647427553213397e-03 1.220427496740702014e-03 9.999981127376094125e-01 1.998063780616910634e+01
9.999935550998764189e-01 -2.897796242299512277e-03 -2.119560249134020639e-03 -2.513034325291175763e-01 2.892178524635738521e-03 9.999923098241856323e-01 -2.648697014188554615e-03 0.000000000000000000e+00 2.127219333597679066e-03 2.642549796966327681e-03 9.999942459176842657e-01 2.133538600723953849e+01
9.999984604684981626e-01 -5.915525017156678892e-04 -1.652006741171618788e-03 -2.715826711075699507e-01 5.843988735070179902e-04 9.999904660136467172e-01 -4.327396419019614859e-03 0.000000000000000000e+00 1.654550873139406120e-03 4.326424325977643037e-03 9.999892721994374511e-01 2.270003484044749698e+01
9.999960235156367672e-01 2.483289193223164968e-03 -1.336498297261080100e-03 -2.979294257686384562e-01 -2.486924838924499913e-03 9.999931933362461445e-01 -2.725524907908608106e-03 0.000000000000000000e+00 1.329720933616820736e-03 2.728837840713774221e-03 9.999953926325256814e-01 2.406636791345857418e+01
9.999961893214511788e-01 2.709328009567480051e-03 -5.299852023580433691e-04 -3.334312864874288684e-01 -2.708804569452928374e-03 9.999958451932333681e-01 9.858874563859506938e-04 0.000000000000000000e+00 5.326540928715550911e-04 -9.844480731481834376e-04 9.999993735706088627e-01 2.544266678482836497e+01
9.999997018719617436e-01 5.719380979122405152e-04 5.187897479470073578e-04 -3.645965286852574927e-01 -5.733615714217289326e-04 9.999960602836517332e-01 2.747848919378085598e-03 0.000000000000000000e+00 -5.172161045784582278e-04 -2.748145554272710643e-03 9.999960900841138312e-01 2.681406399855684342e+01
9.999893410424308682e-01 -4.616755775738460611e-03 -5.803132364390734915e-05 -3.778057758132263855e-01 4.616828720685725411e-03 9.999884620348854503e-01 1.326909819361765533e-03 0.000000000000000000e+00 5.190463550796725102e-05 -1.327163596568201867e-03 9.999991179709600830e-01 2.818862755010997745e+01
9.999907348852130617e-01 -4.304350758195637540e-03 -5.204118001828498597e-05 -3.798736629400411013e-01 4.304291911976308727e-03 9.999901506591780675e-01 -1.082430492546669360e-03 0.000000000000000000e+00 5.669982795812325902e-05 1.082196463273433834e-03 9.999994128178004704e-01 2.956422161326695885e+01
9.999921958557875801e-01 -3.933506915701382584e-03 3.684438452355507493e-04 -3.947968919509988739e-01 3.934919737233510614e-03 9.999845916668526069e-01 -3.915716478468843180e-03 0.000000000000000000e+00 -3.530356702821832969e-04 3.917135716611190935e-03 9.999922656768873708e-01 3.094411260043349543e+01
9.999976712857957528e-01 -1.840850208856709266e-03 -1.126362950966463671e-03 -3.818975513530304955e-01 1.835793332959113899e-03 9.999883054321109244e-01 -4.474244277340230259e-03 0.000000000000000000e+00 1.134586192150741860e-03 4.472166088507917650e-03 9.999893561656797436e-01 3.232976498688604750e+01
9.999907299323422816e-01 -1.991929134203293799e-03 -3.817363973781661042e-03 -3.163866166696484572e-01 1.964851561295699687e-03 9.999729782400057498e-01 -7.083935922514546929e-03 0.000000000000000000e+00 3.831371520237313814e-03 7.076369700385101366e-03 9.999676222679105830e-01 3.371097105977939634e+01
9.999936307929275792e-01 5.136148188737100703e-04 -3.531936211025263513e-03 -3.444580940886421971e-01 -5.366673421678810549e-04 9.999785416308341057e-01 -6.529032549543947392e-03 0.000000000000000000e+00 3.528507013563731039e-03 6.530886439602499871e-03 9.999724482007339432e-01 3.510406172248536194e+01
9.999919300265245337e-01 -7.732571403781489513e-04 -3.942328655035746282e-03 -3.536840507577658221e-01 7.540724620803115679e-04 9.999878790799066053e-01 -4.865497712619800720e-03 0.000000000000000000e+00 3.946043151232802096e-03 4.862485646706855326e-03 9.999803922961617575e-01 3.650144786174423928e+01
9.999916772041470558e-01 3.851302492494793669e-04 -4.061674178142399630e-03 -3.928898940538779749e-01 -3.985292636003100967e-04 9.999944802032882940e-01 -3.298596274611077794e-03 0.000000000000000000e+00 4.060381369321028680e-03 3.300187517086679897e-03 9.999863109390492166e-01 3.789912980555265420e+01
9.999840335981292627e-01 4.001125256157773286e-03 -3.990431743707415109e-03 -4.018458092967850948e-01 -4.013679921216472060e-03 9.999870053680373072e-01 -3.143162190546075572e-03 0.000000000000000000e+00 3.977803703890548520e-03 3.159128321321879023e-03 9.999870984097464222e-01 3.929497781844699489e+01
9.999771695716429543e-01 5.539780208863848317e-03 -3.869259712712397672e-03 -4.349477829770586612e-01 -5.551613651598046734e-03 9.999799251958141344e-01 -3.054306998103441164e-03 0.000000000000000000e+00 3.852261848621259255e-03 3.075717902008810473e-03 9.999878499452070635e-01 4.069753997665225143e+01
9.999627310360276189e-01 7.562292008832205772e-03 -4.165126473929315828e-03 -4.427922055108548527e-01 -7.572809920975928123e-03 9.999681624593542706e-01 -2.515276836613995412e-03 0.000000000000000000e+00 4.145972608624206961e-03 2.546724805935888115e-03 9.999881624818827142e-01 4.210440748046221415e+01
9.999567516407914525e-01 8.074954438741701462e-03 -4.614104334623235319e-03 -4.380530545637082995e-01 -8.085465154307603167e-03 9.999647494779094758e-01 -2.263858392554491186e-03 0.000000000000000000e+00 4.595661131660559208e-03 2.301067664209390570e-03 9.999867924059638868e-01 4.351217580636567561e+01
9.999628888831701978e-01 6.347084712729114675e-03 -5.825407460104081898e-03 -4.595361953718763437e-01 -6.358538407818914440e-03 9.999778834842675268e-01 -1.949751687333569402e-03 0.000000000000000000e+00 5.812903383259791432e-03 1.986720406947082782e-03 9.999811313701283400e-01 4.492185021815141965e+01
9.999636208855049446e-01 5.239284013850456674e-03 -6.731033247119213095e-03 -4.773151871855427775e-01 -5.252868685887779679e-03 9.999841993106699523e-01 -2.002123764344492830e-03 0.000000000000000000e+00 6.720437197121466831e-03 2.037408162622196192e-03 9.999753420419218441e-01 4.633496451214114131e+01
9.999626831610105571e-01 5.130321780473978167e-03 -6.950689452324846328e-03 -4.968656572740008937e-01 -5.142608178533516865e-03 9.999852437973170138e-01 -1.750933677504073549e-03 0.000000000000000000e+00 6.941604033360374883e-03 1.786613010617819821e-03 9.999743107437282230e-01 4.775077421903666419e+01
9.999589931514848429e-01 3.933937343804238748e-03 -8.156969562624872064e-03 -5.203494061752115263e-01 -3.936157122178905905e-03 9.999922205105342687e-01 -2.560967013522730609e-04 0.000000000000000000e+00 8.155898637188747913e-03 2.881933134728166708e-04 9.999666985765245375e-01 4.917335565803619346e+01
9.999461974471135495e-01 4.294010389014129951e-03 -9.442652478887319720e-03 -5.513911727227156501e-01 -4.301050902989872818e-03 9.999904873132329231e-01 -7.254268909473310378e-04 0.000000000000000000e+00 9.439447663285544660e-03 7.660011900994808482e-04 9.999551540294138174e-01 5.059573288715469630e+01
9.999363264222542735e-01 3.535165599059573050e-03 -1.071660885510911619e-02 -6.072529217917708166e-01 -3.538249737537725592e-03 9.999937042358800765e-01 -2.688445629714924113e-04 0.000000000000000000e+00 1.071559097581673524e-02 3.067454831450818625e-04 9.999425393577611176e-01 5.202092449520026207e+01
9.999169197009060150e-01 4.610544011289612748e-03 -1.203729952155174233e-02 -6.376932578053161604e-01 -4.608300446301497565e-03 9.999893588043375914e-01 2.141146579279523297e-04 0.000000000000000000e+00 1.203815861534574851e-02 -1.586253764608438013e-04 9.999275261613421728e-01 5.344957897917844036e+01
9.999178384310098977e-01 2.518809291764728155e-03 -1.256869075154901268e-02 -6.902522286222309011e-01 -2.502207805234621819e-03 9.999959764726921163e-01 1.336411061921403140e-03 0.000000000000000000e+00 1.257200634567868895e-02 -1.304851784191654205e-03 9.999201178185512795e-01 5.487625950993226098e+01
9.999116476209405358e-01 1.517441736723487786e-03 -1.320584425741486330e-02 -7.387960933675113973e-01 -1.503337473793630837e-03 9.999982890598484442e-01 1.077893230117472293e-03 0.000000000000000000e+00 1.320745730318055589e-02 -1.057945155140978862e-03 9.999122180589820053e-01 5.630754251444458447e+01
9.998917745674056334e-01 -1.408360405610897294e-03 -1.464430515289561786e-02 -7.649618881382520552e-01 1.412383481577709045e-03 9.999989676372960101e-01 2.643808671866585140e-04 0.000000000000000000e+00 1.464391769111555476e-02 -2.850356291500904214e-04 9.998927314614032280e-01 5.773635253518275334e+01
9.998840382365568047e-01 -2.970306498159669580e-03 -1.493610923438662592e-02 -8.142940526996188533e-01 2.977314030826652431e-03 9.999954679067901697e-01 4.469530642939929148e-04 0.000000000000000000e+00 1.493471395495588570e-02 -4.913707224179914013e-04 9.998883502041098215e-01 5.916376351025827063e+01
9.998853683596189423e-01 -4.380659880881330841e-03 -1.449344539284703678e-02 -8.584988190144243747e-01 4.395416526175888530e-03 9.999898535512241615e-01 9.864624486944906494e-04 0.000000000000000000e+00 1.448897697937256458e-02 -1.050054098286860990e-03 9.998944778987840509e-01 6.059274949750038530e+01
9.998987125245121232e-01 -3.842974080161014848e-03 -1.370387689816567924e-02 -8.868081379955062848e-01 3.853895722707859246e-03 9.999922767589198846e-01 7.706557403548430513e-04 0.000000000000000000e+00 1.370080944978553129e-02 -8.233909951428790329e-04 9.999058004870708949e-01 6.201738562307534153e+01
9.999049245578545131e-01 -4.927205893470712819e-03 -1.287883872999595093e-02 -9.462086156571341000e-01 4.934534266757559587e-03 9.999876807592662509e-01 5.373092903358248551e-04 0.000000000000000000e+00 1.287603263897908051e-02 -6.008092764468066357e-04 9.999169199546997788e-01 6.344036891406001644e+01
9.999007794131579141e-01 -6.972717453343074689e-03 -1.223979331009129173e-02 -1.003813730209492938e+00 6.969973831284320860e-03 9.999756738455972682e-01 -2.667992395827582189e-04 0.000000000000000000e+00 1.224135587870347520e-02 1.814617285338321687e-04 9.999250553305942812e-01 6.485923692992952283e+01
9.999057256639141134e-01 -6.860068879350215455e-03 -1.189450459209265634e-02 -1.006654865817051325e+00 6.852116390285493269e-03 9.999762724799488023e-01 -7.092094754600324893e-04 0.000000000000000000e+00 1.189908759084770846e-02 6.276400853376421732e-04 9.999290063711667731e-01 6.627693084714380234e+01
9.999229956532664776e-01 -4.861777534687436973e-03 -1.141778800819961970e-02 -9.829406060200421846e-01 4.851356889285536947e-03 9.999877901175496797e-01 -9.401872960516222252e-04 0.000000000000000000e+00 1.142221957982426407e-02 8.847231330289537579e-04 9.999343729289678073e-01 6.769059647465444129e+01
9.999409356689147321e-01 -2.885246154722880940e-03 -1.047857472183960810e-02 -1.077581302119577478e+00 2.891179674094743798e-03 9.999956686483278956e-01 5.511485054721748612e-04 0.000000000000000000e+00 1.047693913634111830e-02 -5.814113945038046176e-04 9.999449463381090419e-01 6.910051142366511101e+01
9.999531277452888833e-01 -9.659817096245921402e-04 -9.633752734478577551e-03 -1.157755758218896425e+00 9.830238058346847576e-04 9.999979602403098466e-01 1.764420419442244009e-03 0.000000000000000000e+00 9.632028686084558033e-03 -1.773807925356555562e-03 9.999520376642244690e-01 7.051249513297265992e+01
9.999553012625802539e-01 2.335656605469780839e-03 -9.161887637509474533e-03 -1.190646733182439521e+00 -2.316610243066566203e-03 9.999951348308668830e-01 2.088930725952684812e-03 0.000000000000000000e+00 9.166722088224721343e-03 -2.067612830639904437e-03 9.999558471169315288e-01 7.192206236845883893e+01
9.999436683317577401e-01 5.901311116383949583e-03 -8.822397085509839712e-03 -1.222710623948979114e+00 -5.882512875520489772e-03 9.999803754407985412e-01 2.155174134109939018e-03 0.000000000000000000e+00 8.834942302931060587e-03 -2.103154865107255238e-03 9.999587594166658988e-01 7.332190534469255283e+01
9.999240695298726722e-01 8.747089088323238906e-03 -8.680069544560138628e-03 -1.285218060290298947e+00 -8.735612255314389660e-03 9.999609200092217653e-01 1.359239800395633602e-03 0.000000000000000000e+00 8.691619719148656678e-03 -1.283310870788485986e-03 9.999614036850955623e-01 7.472321654522218637e+01
9.998762995379184559e-01 1.377252268066749864e-02 -7.596264961713882283e-03 -1.283238406399442422e+00 -1.376887490192781754e-02 9.999050628652467188e-01 5.322972681925270408e-04 0.000000000000000000e+00 7.602874870282445852e-03 -4.276394007950821844e-04 9.999710062888070849e-01 7.612548416314190547e+01
9.998722473214564088e-01 1.385205233159424870e-02 -7.975567850735689607e-03 -1.285844958274728000e+00 -1.384459911238303600e-02 9.999036698749977914e-01 9.889620460214263841e-04 0.000000000000000000e+00 7.988498717302956742e-03 -8.784171638843424465e-04 9.999677056143011500e-01 7.752192601097185332e+01
9.998735541659596882e-01 1.407130045212433116e-02 -7.407711057843228454e-03 -1.334277885345908077e+00 -1.405650209046904048e-02 9.998991092527202973e-01 2.045987438090919857e-03 0.000000000000000000e+00 7.435753392301458486e-03 -1.941602225533027538e-03 9.999704694401163607e-01 7.891540040958453517e+01
9.998816708596433012e-01 1.353349905528081557e-02 -7.313595712598982418e-03 -1.368607741972989400e+00 -1.352674523734566543e-02 9.999080368244623873e-01 9.721404904409268292e-04 0.000000000000000000e+00 7.326079593521472519e-03 -8.730963119194292679e-04 9.999727827599207419e-01 8.030559525180612468e+01
9.998682510746516039e-01 1.402106050500602843e-02 -8.178652409181910374e-03 -1.357946711020443953e+00 -1.401220907155299213e-02 9.999011759528010357e-01 1.138562752146494040e-03 0.000000000000000000e+00 8.193808018886661673e-03 -1.023811760246747622e-03 9.999659060786169062e-01 8.169122328287461698e+01
9.998668871496234622e-01 1.448498664751717881e-02 -7.509536839324391054e-03 -1.412825608849594961e+00 -1.447972791348455836e-02 9.998948788257711051e-01 7.541734203974137301e-04 0.000000000000000000e+00 7.519671619918154477e-03 -6.453369800343473385e-04 9.999715186338612449e-01 8.307654671178011085e+01
9.998635981634799164e-01 1.463230016259566696e-02 -7.660343303543978161e-03 -1.471960239085511102e+00 -1.463042735143900777e-02 9.998929244255078119e-01 3.004651723964568417e-04 0.000000000000000000e+00 7.663919564474710837e-03 -1.883500922058475825e-04 9.999706139988073783e-01 8.446191632889134837e+01
9.998599940945345210e-01 1.474419736185156662e-02 -7.912070110255244385e-03 -1.506418993933131167e+00 -1.473781085966519196e-02 9.998910185132058315e-01 8.648859395784487059e-04 0.000000000000000000e+00 7.923959890079487062e-03 -7.481582576463089796e-04 9.999683250577899862e-01 8.584360785464137678e+01
9.998548453854155804e-01 1.451836327356867233e-02 -8.916573734365430132e-03 -1.533672895842189687e+00 -1.450299167465300167e-02 9.998932306861406660e-01 1.786186025371530551e-03 0.000000000000000000e+00 8.941554215496191199e-03 -1.656609757591826588e-03 9.999586512713024566e-01 8.722814371579502790e+01
9.998939435602213210e-01 1.061840680033059210e-02 -9.967500619949382426e-03 -1.596495595625653685e+00 -1.058841509942847967e-02 9.999392685249935964e-01 3.056914683640731250e-03 0.000000000000000000e+00 9.999354842599242343e-03 -2.951050444085162507e-03 9.999456506250768983e-01 8.860581761869467243e+01
9.999076859198025025e-01 7.661093385309365039e-03 -1.122173278258030427e-02 -1.633912324983360476e+00 -7.624213866757567973e-03 9.999654054785522828e-01 3.325538908019725227e-03 0.000000000000000000e+00 1.124682183623553801e-02 -3.239675023264579953e-03 9.999315044063408209e-01 8.998276831419551058e+01
9.999073943990173241e-01 6.437087278864001526e-03 -1.199026828425444127e-02 -1.652858334889840464e+00 -6.399953169222392935e-03 9.999746126946439384e-01 3.132820714391788049e-03 0.000000000000000000e+00 1.201013012401962524e-02 -3.055793442141468193e-03 9.999232065018012205e-01 9.135170544760923406e+01
9.999087765650264137e-01 4.560399625007063168e-03 -1.271382332301994669e-02 -1.679522485741758331e+00 -4.525484529731663673e-03 9.999859133309898507e-01 2.773649104951600355e-03 0.000000000000000000e+00 1.272629317593690010e-02 -2.715859872391137349e-03 9.999153291990051651e-01 9.271771688645486620e+01
9.999123959685657370e-01 3.188123156814816946e-03 -1.284664388609428089e-02 -1.766791281813868908e+00 -3.171753787127248609e-03 9.999941322536777255e-01 1.294386390386799944e-03 0.000000000000000000e+00 1.285069516847176310e-02 -1.253526605523480131e-03 9.999166406779803618e-01 9.407725418672734463e+01
9.999107852555993992e-01 2.151209768168832210e-03 -1.318308863887456168e-02 -1.768917612010186824e+00 -2.138766271662257638e-03 9.999972540263195597e-01 9.579241385339579314e-04 0.000000000000000000e+00 1.318511313422396011e-02 -9.296431322399470367e-04 9.999126404617983965e-01 9.543498968470775878e+01
9.999083575849944117e-01 1.028441225913536306e-03 -1.349884218448086856e-02 -1.790308345514039168e+00 -1.021208385546156427e-03 9.999993313081839696e-01 5.426938516639691823e-04 0.000000000000000000e+00 1.349939128664554878e-02 -5.288589870551631874e-04 9.999087392072654179e-01 9.678820173071991917e+01
9.999044140793381663e-01 1.826198669231184806e-03 -1.370502473817457496e-02 -1.812349511273707581e+00 -1.827192685425557076e-03 9.999983288815545990e-01 -6.000821691065677977e-05 0.000000000000000000e+00 1.370489224852899403e-02 8.504420192480983411e-05 9.999060799374814845e-01 9.813996229048159137e+01
9.999030558414034875e-01 4.109018834260849511e-03 -1.330394239466075462e-02 -1.842044851836505126e+00 -4.106105047276739466e-03 9.999915395770208049e-01 2.463244160972724367e-04 0.000000000000000000e+00 1.330484198934580448e-02 -1.916731513689805342e-04 9.999114683015907223e-01 9.948966764573491162e+01
9.999055970135173332e-01 3.846682413452263884e-03 -1.319090957627175494e-02 -1.896294897305411453e+00 -3.826828810893517265e-03 9.999915071922848009e-01 1.530008023592169470e-03 0.000000000000000000e+00 1.319668300336978607e-02 -1.479384233457456746e-03 9.999118256026378049e-01 1.008339294424268502e+02
9.999095709251812902e-01 5.586319869533884312e-03 -1.223286567134355268e-02 -1.954846047841612977e+00 -5.554815663362307199e-03 9.999811714228618031e-01 2.607838703734060952e-03 0.000000000000000000e+00 1.224720356505570353e-02 -2.539651565454240697e-03 9.999217750278086569e-01 1.021780802840470415e+02
9.999193096287020133e-01 4.433051066083017883e-03 -1.190471712824018626e-02 -2.002110365043269002e+00 -4.419342248877251855e-03 9.999895412758688096e-01 1.177604756219327456e-03 0.000000000000000000e+00 1.190981300210772545e-02 -1.124898715488962392e-03 9.999284429183600276e-01 1.035179972176382535e+02
9.999111598628421804e-01 4.676739642185465465e-03 -1.248200657198959319e-02 -2.013786612922306762e+00 -4.692110289192651801e-03 9.999882690702091015e-01 -1.202423801428000993e-03 0.000000000000000000e+00 1.247623672338783567e-02 1.260883929398327148e-03 9.999213737534267121e-01 1.048568366036090680e+02
9.999131500032357733e-01 3.783891684985463480e-03 -1.262436589777738566e-02 -2.057452653753391925e+00 -3.813837211866449341e-03 9.999899688155134969e-01 -2.348811202793371633e-03 0.000000000000000000e+00 1.261535161325400001e-02 2.396754484984723460e-03 9.999175508368750576e-01 1.061925723693101844e+02
9.999253522473253719e-01 7.762965934494089676e-04 -1.219374006035917925e-02 -2.083638657310483477e+00 -7.879927638898500840e-04 9.999992340751281406e-01 -9.544194874291395559e-04 0.000000000000000000e+00 1.219298980827321355e-02 9.639568210911103304e-04 9.999251980957297725e-01 1.075371852936338826e+02
9.999345236669647807e-01 -2.167377048627115201e-03 -1.123614060285515505e-02 -2.121741855882775862e+00 2.179721097813252205e-03 9.999970341923902772e-01 1.086472437023715829e-03 0.000000000000000000e+00 1.123375248319950087e-02 -1.110892951523128995e-03 9.999362823310284920e-01 1.088780400797415524e+02
9.999342787085092610e-01 -4.180864896725955057e-03 -1.067514086121827514e-02 -2.148127125694062389e+00 4.205659892449393512e-03 9.999885081688252297e-01 2.301294234374421082e-03 0.000000000000000000e+00 1.066539678401985138e-02 -2.346039002111957594e-03 9.999403709284077069e-01 1.102164192383516905e+02
9.999348763687567754e-01 -4.969730668777280411e-03 -1.027349981637389401e-02 -2.170720240225981978e+00 4.979204934440742761e-03 9.999872015230975020e-01 8.968323261881347387e-04 0.000000000000000000e+00 1.026891131610722756e-02 -9.479277821905421472e-04 9.999468240328098778e-01 1.115485908576448537e+02
9.999644982323051545e-01 -1.617380833811272491e-03 -8.269604237855218004e-03 -2.197647676220933821e+00 1.592505839494746857e-03 9.999941907412809305e-01 -3.013703508721342784e-03 0.000000000000000000e+00 8.274430503878150295e-03 3.000427123879928406e-03 9.999612648682508764e-01 1.128770744768964249e+02
9.999706820103526628e-01 2.660378896807547955e-04 -7.652734386445969421e-03 -2.224885778663316938e+00 -3.013615778233480241e-04 9.999893052225931056e-01 -4.615042971780692997e-03 0.000000000000000000e+00 7.651424765861816225e-03 4.617213908107527763e-03 9.999600677200967125e-01 1.142005708907659454e+02
9.999657096819739577e-01 3.794107756328649571e-03 -7.360992226458958586e-03 -2.237008163856916365e+00 -3.832647927344705156e-03 9.999789854899708841e-01 -5.228708091777524263e-03 0.000000000000000000e+00 7.340999256887071472e-03 5.256740889313672380e-03 9.999592373717710592e-01 1.155322034012161083e+02
9.999708370814056613e-01 5.470430524710109647e-03 -5.329106546677301638e-03 -2.264936682406276880e+00 -5.487849635064729475e-03 9.999796292025516786e-01 -3.259553083652239752e-03 0.000000000000000000e+00 5.311166829841194870e-03 3.288703360987943556e-03 9.999804877781915957e-01 1.168649551273345253e+02
9.999737954896292802e-01 5.917244366134882284e-03 -4.170677783689394867e-03 -2.290592009930681350e+00 -5.922352719606414906e-03 9.999817263606407547e-01 -1.213541532854361601e-03 0.000000000000000000e+00 4.163420748429000340e-03 1.238209957507047055e-03 9.999905663373899189e-01 1.181992240890545673e+02
9.999797553204445855e-01 5.572709168228175657e-03 -3.071459227802147279e-03 -2.334104508536205103e+00 -5.575894234241279661e-03 9.999839247381915319e-01 -1.029402101636411101e-03 0.000000000000000000e+00 3.065673294761081958e-03 1.046507393519343103e-03 9.999947532209987333e-01 1.195324912067455614e+02
9.999762835383103621e-01 6.563725206913623676e-03 -2.085634751024299013e-03 -2.359551228889458674e+00 -6.567106956969604760e-03 9.999771261015516499e-01 -1.618758750466657874e-03 0.000000000000000000e+00 2.074961956812197347e-03 1.632416945719509897e-03 9.999965148678239268e-01 1.208756091371928676e+02
9.999566650141215041e-01 9.036966097336411943e-03 -2.236367051582157772e-03 -2.363469194653064598e+00 -9.043015512051458260e-03 9.999554392865567243e-01 -2.709854548299003244e-03 0.000000000000000000e+00 2.211778533788876563e-03 2.729960618728099163e-03 9.999938276563203887e-01 1.222400130801405709e+02
9.999527947445838727e-01 9.660984237295559135e-03 -1.036178585288068674e-03 -2.408080758597423987e+00 -9.663995337001714606e-03 9.999489762877261656e-01 -2.941430816700217523e-03 0.000000000000000000e+00 1.007708598854589353e-03 2.951305590723377753e-03 9.999951371475217510e-01 1.235954198183696775e+02
9.999354533006500345e-01 1.135474801999467216e-02 3.986600349487153709e-04 -2.441790200701092317e+00 -1.135295279634608231e-02 9.999265271602227889e-01 -4.248616727216078352e-03 0.000000000000000000e+00 -4.468727166351497818e-04 4.243816524470606782e-03 9.999908951215917829e-01 1.249546534808127234e+02
9.999243612396637726e-01 1.221987141072706715e-02 1.395185347112323001e-03 -2.464943690073217564e+00 -1.221316728330265784e-02 9.999142922803994082e-01 -4.716634212231485788e-03 0.000000000000000000e+00 -1.452702432522944053e-03 4.699237819830842308e-03 9.999879033366131376e-01 1.263083058895624333e+02
9.999379350614953088e-01 1.093192455003646514e-02 2.149197660144179164e-03 -2.473913160336906003e+00 -1.092088756560733072e-02 9.999274523419354743e-01 -5.081758331480568276e-03 0.000000000000000000e+00 -2.204595139548693947e-03 5.057971786459194291e-03 9.999847782249878803e-01 1.276642750535479962e+02
9.999410943458745260e-01 1.005746332142219528e-02 4.081086853994614003e-03 -2.500162919499787417e+00 -1.004145452379012586e-02 9.999418824836020514e-01 -3.924391187361439895e-03 0.000000000000000000e+00 -4.120319091788499435e-03 3.883179970479151526e-03 9.999839718134982958e-01 1.290215063050452784e+02
9.999565945652486576e-01 8.115056652430866976e-03 4.577645791807923893e-03 -2.518578310204406812e+00 -8.102574817439327573e-03 9.999634232866503325e-01 -2.738680369433596409e-03 0.000000000000000000e+00 -4.599702902921090110e-03 2.701470778305332162e-03 9.999857722932058435e-01 1.303792308650962468e+02
9.999422564208328978e-01 9.433567782777811661e-03 5.147001350063746226e-03 -2.511391457363764790e+00 -9.421073291973024177e-03 9.999526281364244928e-01 -2.446397571874955705e-03 0.000000000000000000e+00 -5.169835784336127525e-03 2.397766031169929878e-03 9.999837616261690876e-01 1.317281745221284268e+02
9.999602861249324848e-01 6.939172702765664634e-03 5.592321087002175353e-03 -2.566500324427372526e+00 -6.926820305422468765e-03 9.999735335520184565e-01 -2.225164250587430975e-03 0.000000000000000000e+00 -5.607613877154140995e-03 2.186338877432189749e-03 9.999818871304210210e-01 1.330813539729422814e+02
9.999496694522004292e-01 7.645802180945633630e-03 6.496173599940317095e-03 -2.628371747789739032e+00 -7.634658695382203972e-03 9.999693443971531259e-01 -1.738462690944640341e-03 0.000000000000000000e+00 -6.509266397656600020e-03 1.688779124903314315e-03 9.999773884823756065e-01 1.344320968496712112e+02
9.999638300111733935e-01 6.173070033193557397e-03 5.850801290936335879e-03 -2.626951618158716695e+00 -6.161667548583279509e-03 9.999790862881884346e-01 -1.964901843817805794e-03 0.000000000000000000e+00 -5.862808405654802019e-03 1.928780080892239686e-03 9.999809534611140416e-01 1.357857609089021196e+02
9.999791321263081789e-01 5.243081789601140678e-03 3.774308580226220459e-03 -2.578225945366314331e+00 -5.235039223500856202e-03 9.999840123740109110e-01 -2.137606300790828671e-03 0.000000000000000000e+00 -3.785455882661603599e-03 2.117803040033226000e-03 9.999905925727724521e-01 1.371311694081049666e+02
9.999899337317559311e-01 3.380911087703494973e-03 2.949894128745614210e-03 -2.597765795259343147e+00 -3.377987935880864823e-03 9.999937992139482645e-01 -9.953547876877563271e-04 0.000000000000000000e+00 -2.953241043121445329e-03 9.853800614002172688e-04 9.999951536849946976e-01 1.384831295618152183e+02
9.999963090880777949e-01 1.240888570984434100e-03 2.417024156126428448e-03 -2.645513457511541766e+00 -1.239300301878807796e-03 9.999990152528038800e-01 -6.585045017072513416e-04 0.000000000000000000e+00 -2.417838906679102302e-03 6.555066524585824233e-04 9.999968621781022415e-01 1.398327531001120860e+02
9.999988590580353165e-01 2.410313435755572495e-04 1.491236572177441662e-03 -2.649160183102868160e+00 -2.410287011551268349e-04 9.999999709506749435e-01 -1.951678206016103176e-06 0.000000000000000000e+00 -1.491236999273985123e-03 1.592245164946791949e-06 9.999988881042205513e-01 1.411834581611282431e+02
9.999998861356088620e-01 1.127544816120119745e-04 4.636973054359204275e-04 -2.665234939238906975e+00 -1.123875224674610930e-04 9.999996805857291893e-01 -7.913264046780531854e-04 0.000000000000000000e+00 -4.637863829232822155e-04 7.912742007825931479e-04 9.999995793935768651e-01 1.425329363071011812e+02
9.999996891991698167e-01 7.513318425304955049e-04 -2.389602910688537279e-04 -2.664135141943435592e+00 -7.516215320391025044e-04 9.999989800015038899e-01 -1.214520901094503450e-03 0.000000000000000000e+00 2.380475391029933591e-04 1.214700131320218786e-03 9.999992339181869028e-01 1.438808850712743777e+02
9.999962601119778416e-01 -2.032167366782982546e-03 -1.830316323896529406e-03 -2.659380199395886990e+00 2.026529352100615595e-03 9.999932127405382065e-01 -3.076954929249251132e-03 0.000000000000000000e+00 1.836556788460725785e-03 3.073234232028093996e-03 9.999935911247223030e-01 1.452290651350651558e+02
9.999690925236806027e-01 -7.390436015244076194e-03 -2.682434130737592227e-03 -2.651584953552609480e+00 7.381766919499877823e-03 9.999675460433293805e-01 -3.227441281124989771e-03 0.000000000000000000e+00 2.706199273417362813e-03 3.207540425529749502e-03 9.999911940461833071e-01 1.465727157339861151e+02
9.998774259576832524e-01 -1.504483223197704451e-02 -4.334291561820293077e-03 -2.663883145455805401e+00 1.504000951561553293e-02 9.998862391971409247e-01 -1.143143894654074675e-03 0.000000000000000000e+00 4.350996897444141774e-03 1.077815988552482257e-03 9.999899535188809807e-01 1.479258522361019175e+02
9.997324884403333556e-01 -2.233048513445565209e-02 -6.025030336188851726e-03 -2.675337366216542279e+00 2.233610465728964184e-02 9.997501421406356226e-01 8.670170201958411847e-04 0.000000000000000000e+00 6.004164024325268564e-03 -1.001360791273211417e-03 9.999814734738516897e-01 1.492752623001366601e+02
9.996821427424270601e-01 -2.406904254515364328e-02 -7.502977599761923369e-03 -2.672014649477421511e+00 2.404711822743226673e-02 9.997063287090945938e-01 -2.998740391432599614e-03 0.000000000000000000e+00 7.572951000707473651e-03 2.817362230636120783e-03 9.999673559087831620e-01 1.506206875110119938e+02
9.996908917148420448e-01 -2.383530574813641500e-02 -7.071012817905336124e-03 -2.718312988275831898e+00 2.379386881612740104e-02 9.996995495256709718e-01 -5.887485450213824148e-03 0.000000000000000000e+00 7.209218344543439662e-03 5.717418828295759391e-03 9.999576682504132119e-01 1.519637926503215510e+02
9.997955477999936891e-01 -1.935565418438196447e-02 -5.849893195566449426e-03 -2.724523083750438168e+00 1.930785986112907096e-02 9.997806196781056087e-01 -8.119055588027135686e-03 0.000000000000000000e+00 6.005759476379481272e-03 8.004446711227328898e-03 9.999499285894070111e-01 1.533099593440221042e+02
9.998328806321341578e-01 -1.807604034928487688e-02 -2.732685882723297557e-03 -2.817325122190207143e+00 1.805189781059050522e-02 9.997999326967120792e-01 -8.615309923667144321e-03 0.000000000000000000e+00 2.887869851429529251e-03 8.564539972215051006e-03 9.999591535971790179e-01 1.546541106386951014e+02
9.997870576901147777e-01 -2.053431388738415075e-02 -2.044805250237303768e-03 -2.828235438201896823e+00 2.052331997531421648e-02 9.997755392902437643e-01 -5.259693345452733440e-03 0.000000000000000000e+00 2.152350465906129572e-03 5.216607141764315406e-03 9.999840770719308214e-01 1.560029913652273308e+02
9.996651932352337289e-01 -2.580779731883825825e-02 -1.859847172917100102e-03 -2.832989169017367193e+00 2.580301257788508024e-02 9.996637886324089006e-01 -2.552300726591675683e-03 0.000000000000000000e+00 1.925091131003896401e-03 2.503456539046650456e-03 9.999950133523142215e-01 1.573532350147289662e+02
9.995489362235786546e-01 -2.996538152089723087e-02 -2.000001153106810165e-03 -2.852571191119516403e+00 2.996250844060923194e-02 9.995499695382191740e-01 -1.451373172799009419e-03 0.000000000000000000e+00 2.042592042516126662e-03 1.390793459503181142e-03 9.999969467509894905e-01 1.587023326283332096e+02
9.994208494329103187e-01 -3.387991615846389082e-02 -3.180723170662902097e-03 -2.830685809009384268e+00 3.388150830815254283e-02 9.994257564656249260e-01 4.480043230917840689e-04 0.000000000000000000e+00 3.163718312042218712e-03 -5.555125596670323126e-04 9.999948411328124509e-01 1.600490665229066565e+02
9.994832692060241497e-01 -3.204919944404349685e-02 -2.458331187403637978e-03 -2.850464846970430344e+00 3.205150655233950791e-02 9.994858088534734897e-01 9.048912854013194465e-04 0.000000000000000000e+00 2.428066093990521087e-03 -9.832169183701241696e-04 9.999965688838815536e-01 1.613995738792170869e+02
9.995977703117974178e-01 -2.833017522280453088e-02 -1.303364692101374039e-03 -2.878195342421052239e+00 2.833028081114688859e-02 9.995986150791746905e-01 6.261751437180866945e-05 0.000000000000000000e+00 1.301067576013137080e-03 -9.951701547537344049e-05 9.999991486594013157e-01 1.627492998297375948e+02
9.996912852020096718e-01 -2.483966118753795985e-02 -5.705464355357147072e-04 -2.895337948753105461e+00 2.483834309013469716e-02 9.996890345560137670e-01 -2.211538151896909853e-03 0.000000000000000000e+00 6.253028737068776774e-04 2.196683989227987775e-03 9.999973917844828808e-01 1.641001714218261611e+02
9.997195978543481631e-01 -2.366645724901550799e-02 7.902323795763919979e-04 -2.958425621452108967e+00 2.366834593421467473e-02 9.997168068489161730e-01 -2.472954617551780844e-03 0.000000000000000000e+00 -7.314825164433082444e-04 2.490964689098736865e-03 9.999966300084451865e-01 1.654501245672857124e+02
9.997744731546300834e-01 -2.119513240474441701e-02 1.330109288716984457e-03 -2.959972308619139625e+00 2.119764212341435083e-02 9.997734955217014718e-01 -1.902004395591864279e-03 0.000000000000000000e+00 -1.289494778007114649e-03 1.929770623227482999e-03 9.999973065906532232e-01 1.668086806083519491e+02
9.998044125712934882e-01 -1.974094125254721027e-02 1.196595766078096743e-03 -3.010446377562761011e+00 1.974402481322778263e-02 9.998016286591560053e-01 -2.622368141268754862e-03 0.000000000000000000e+00 -1.144590380351824923e-03 2.645480855523288030e-03 9.999958456633238901e-01 1.681690411676398185e+02
9.997875631446668798e-01 -2.055202166321863297e-02 1.563005692950391202e-03 -3.110559082118803165e+00 2.055813625701040370e-02 9.997806488187203078e-01 -4.002159573469395160e-03 0.000000000000000000e+00 -1.480410375551228066e-03 4.033441851280769423e-03 9.999907698233789777e-01 1.695257927780234581e+02
9.998642211189170403e-01 -1.643924419690153543e-02 1.136035426550573591e-03 -3.120797706614093947e+00 1.644663762699727014e-02 9.998413623714886844e-01 -6.837996920521666536e-03 0.000000000000000000e+00 -1.023443707389796878e-03 6.855752427942655818e-03 9.999759753222207115e-01 1.708856404049460025e+02
9.999472068542193393e-01 -1.027470242674268473e-02 -1.182982720023194019e-04 -3.125176685405434807e+00 1.027336234898750325e-02 9.999126003546928709e-01 -8.321639138770538929e-03 0.000000000000000000e+00 2.037902986296050926e-04 8.319984492248615887e-03 9.999653675640796102e-01 1.722503422182988118e+02
9.999823807448227075e-01 -5.907966931881357409e-03 -5.780368865085368062e-04 -3.134557264211843997e+00 5.903897172707257314e-03 9.999594118970664969e-01 -6.805773772325072156e-03 0.000000000000000000e+00 6.182217114813346381e-04 6.802241189320133892e-03 9.999766733862943680e-01 1.736194911816810418e+02
9.999897446765388942e-01 -4.528577982463141000e-03 5.023147705904631321e-05 -3.210221692435079710e+00 4.528775525258892445e-03 9.999766920588295527e-01 -5.109357231153703084e-03 0.000000000000000000e+00 -2.709218360456856474e-05 5.109532320126257063e-03 9.999869458875375594e-01 1.749939872943413093e+02
9.999746054527675065e-01 -7.106475140945691001e-03 -5.352201856364404526e-04 -3.236247712230012841e+00 7.105631179112765691e-03 9.999735338228403769e-01 -1.562581005891978047e-03 0.000000000000000000e+00 5.463104634788682867e-04 1.558738247615811803e-03 9.999986359390473645e-01 1.763735502263847366e+02
9.999557222187355210e-01 -9.180981916617344044e-03 -2.064745274302566980e-03 -3.183029989880742594e+00 9.179980372486934437e-03 9.999577410571742764e-01 -4.940244798177964147e-04 0.000000000000000000e+00 2.069193650166220762e-03 4.750482844174430436e-04 9.999977463808447098e-01 1.777492540248059925e+02
