1.000000000000000000e+00 0.000000000000000000e+00 0.000000000000000000e+00 0.000000000000000000e+00 0.000000000000000000e+00 1.000000000000000000e+00 0.000000000000000000e+00 0.000000000000000000e+00 0.000000000000000000e+00 0.000000000000000000e+00 1.000000000000000000e+00 0.000000000000000000e+00
9.999978525570002441e-01 -1.687242396349989109e-03 -1.203367976006064488e-03 -2.041989639169262960e-02 1.686304823750030876e-03 9.999982742101147792e-01 -7.797133010067174019e-04 0.000000000000000000e+00 1.204681464584293760e-03 7.776823813940986208e-04 9.999989719758127782e-01 5.650778469435256968e-01
9.999958542432743069e-01 -1.894570844065630692e-03 -2.168432056176419938e-03 -2.637123346899643284e-02 1.889839777156673796e-03 9.999958341947260410e-01 -2.181765067287144613e-03 0.000000000000000000e+00 2.172556531395860007e-03 2.177658033066041509e-03 9.999952688906127429e-01 1.127448800053137745e+00
9.999870200378701002e-01 -1.883061140451017679e-03 -4.734325350366403590e-03 -3.607390011975557947e-03 1.863074537360570474e-03 9.999893496296580198e-01 -4.222508794535903033e-03 0.000000000000000000e+00 4.742226170274237845e-03 4.213633585519525708e-03 9.999798780890327699e-01 1.688998924016936076e+00
9.999541506347392472e-01 -4.529442962817790616e-03 -8.436869965035256186e-03 1.634936184577781906e-03 4.481062954641442352e-03 9.999734602817569318e-01 -5.744458801524036408e-03 0.000000000000000000e+00 8.462665251377203199e-03 5.706389276280452588e-03 9.999479088523912651e-01 2.251374513444583059e+00
9.999408741374518073e-01 -6.867656905103935137e-03 -8.431104190192158926e-03 -4.915229931000038299e-02 6.803765567474948789e-03 9.999480983983752846e-01 -7.583487560001445256e-03 0.000000000000000000e+00 8.482747393087323659e-03 7.525675923372991682e-03 9.999357015321339581e-01 2.814087621398360106e+00
9.999341976256319597e-01 -7.947297584475210286e-03 -8.272900331228308368e-03 -1.156287148141247889e-01 7.883058470414537264e-03 9.999387491742273149e-01 -7.768866650339977323e-03 0.000000000000000000e+00 8.334135104415732465e-03 7.703139683436945398e-03 9.999355998418489877e-01 3.384751380648578944e+00
9.999295160932459847e-01 -8.008682222079611251e-03 -8.764921824867707295e-03 -1.381240469082685163e-01 7.948250149732057068e-03 9.999445507794069155e-01 -6.908016077257246937e-03 0.000000000000000000e+00 8.819759922331648488e-03 6.837863382088999777e-03 9.999377257906014727e-01 3.963957423755800402e+00
9.998906309656633296e-01 -8.298645342490432175e-03 -1.224167441860487746e-02 -1.219371413396253545e-01 8.206466333972435578e-03 9.999377403042108980e-01 -7.561046595132273410e-03 0.000000000000000000e+00 1.230365869979059557e-02 7.459758761779517432e-03 9.998964806327776955e-01 4.551156282423425736e+00
9.998866454248046542e-01 -7.397625062071300044e-03 -1.311378833807333617e-02 -1.489710776827546101e-01 7.263864138309036184e-03 9.999214064409652769e-01 -1.021847439191882895e-02 0.000000000000000000e+00 1.318835012103313636e-02 1.012205930426833198e-02 9.998617961181064384e-01 5.145404132277347387e+00
9.998811514554939439e-01 -5.766184277207609885e-03 -1.429804472365219653e-02 -1.732542276666581282e-01 5.566677380573707007e-03 9.998871398922335452e-01 -1.395419582298824263e-02 0.000000000000000000e+00 1.437689350933930854e-02 1.387294478497499289e-02 9.998004032485753312e-01 5.746434522959972924e+00
9.998702875915245203e-01 -4.080183146247215974e-03 -1.558076048007334471e-02 -1.941758761277943002e-01 3.805330610919851163e-03 9.998373452188861199e-01 -1.762959343231799980e-02 0.000000000000000000e+00 1.565015816488549150e-02 1.756801671049687888e-02 9.997231803545787443e-01 6.359288212198089596e+00
9.998738863849969682e-01 -2.358264438060309921e-03 -1.570509198334894829e-02 -2.612706872264667357e-01 2.088226543693291661e-03 9.998500853458726079e-01 -1.718854687720177896e-02 0.000000000000000000e+00 1.574327269875858484e-02 1.715358337746714437e-02 9.997289152275454782e-01 6.981930868083480846e+00
9.998642441881442355e-01 -4.445281272814908315e-05 -1.647699056325521022e-02 -3.102552089593402229e-01 -1.253692449003676840e-04 9.999468896594249090e-01 -1.030544239664388240e-02 0.000000000000000000e+00 1.647657357057564706e-02 1.030610908080945021e-02 9.998111354845913290e-01 7.628626429661649055e+00
9.998333457532767587e-01 -2.168581467740409222e-04 -1.825468959899840746e-02 -2.936220094321499996e-01 2.156986267643515808e-04 9.999999745927155015e-01 -6.548791665817025904e-05 0.000000000000000000e+00 1.825470333678455223e-02 6.153949133977117787e-05 9.998333671262311650e-01 8.293463620118906476e+00
9.998455390155518430e-01 5.179140095802548449e-04 -1.756786486121237126e-02 -3.130841554944237548e-01 -4.015255333758647582e-04 9.999779542289810585e-01 6.627958453761606181e-03 0.000000000000000000e+00 1.757091027662445806e-02 -6.619880746465712888e-03 9.998237046054434529e-01 8.970032474699923597e+00
9.998158880635507062e-01 3.098798564546263300e-03 -1.893640470502235690e-02 -3.204058733699898243e-01 -2.990746097441955836e-03 9.999791011425064324e-01 5.731728884252351199e-03 0.000000000000000000e+00 1.895377042903787293e-02 -5.674039626077582651e-03 9.998042607735000420e-01 9.654176141337686090e+00
9.997936107331604205e-01 5.925404344760664896e-03 -1.943258913534773660e-02 -3.529050885535067184e-01 -5.950798379144417449e-03 9.999815135650980125e-01 -1.249210432042617775e-03 0.000000000000000000e+00 1.942482781913215661e-02 1.364592028346181931e-03 9.998103890002308924e-01 1.034572723591313803e+01
9.997512306226939982e-01 5.851569874194004553e-03 -2.152291798104204526e-02 -3.538286859609407475e-01 -5.986239657216717650e-03 9.999628745256636808e-01 -6.197943621495626693e-03 0.000000000000000000e+00 2.148585123232539876e-02 6.325243108077002567e-03 9.997491432836769221e-01 1.105660296768143880e+01
9.997357069672621055e-01 3.477516850289103390e-03 -2.272494425135548890e-02 -3.705055671310816812e-01 -3.589113415437443673e-03 9.999816916890148510e-01 -4.871811948765764066e-03 0.000000000000000000e+00 2.270758638786573788e-02 4.952086765088042908e-03 9.997298846974157494e-01 1.179078015070321861e+01
9.997379022545681559e-01 3.044694411315790588e-03 -2.269045243224496883e-02 -4.000850773383214376e-01 -2.949711425902725673e-03 9.999867523693717342e-01 4.218327661227015864e-03 0.000000000000000000e+00 2.270299535616759554e-02 -4.150291760259626483e-03 9.997336390660073180e-01 1.255062886644368092e+01
9.997285930139180321e-01 1.684911267779411366e-03 -2.323577811122354633e-02 -4.144983882512777162e-01 -1.413332767203144330e-03 9.999305606389679024e-01 1.169941839260759016e-02 0.000000000000000000e+00 2.325387711551460401e-02 -1.166340320214707092e-02 9.996615538395181577e-01 1.332713619737400634e+01
9.997014411433366998e-01 2.608637630102777485e-04 -2.443277565148224001e-02 -4.483369345628269165e-01 5.112560395814897774e-05 9.999184869883299687e-01 1.276780189141592421e-02 0.000000000000000000e+00 2.443411471920222192e-02 -1.276523909149306080e-02 9.996199391312805549e-01 1.411538529649502038e+01
9.997068042700032464e-01 -1.367857982773193004e-03 -2.417507933386794580e-02 -4.863235724205169364e-01 1.652932472500910329e-03 9.999292939109321043e-01 1.177603469015551900e-02 0.000000000000000000e+00 2.415726206549899738e-02 -1.181254178072469428e-02 9.996383798885359884e-01 1.491825402403714484e+01
9.997136863227205072e-01 -1.806121665187662272e-03 -2.385965849651465812e-02 -5.075843442352757640e-01 2.027397439684117467e-03 9.999551336876346674e-01 9.253122249462630150e-03 0.000000000000000000e+00 2.384187573705824625e-02 -9.298845964553041632e-03 9.996724945826338526e-01 1.573936682296573331e+01
9.997441642009289309e-01 1.199593712277936819e-03 -2.258687940187471474e-02 -5.603732573106383619e-01 -1.060228425499619128e-03 9.999803344428910279e-01 6.181152252253641240e-03 0.000000000000000000e+00 2.259385008968445990e-02 -6.155623640643203241e-03 9.997257755183265315e-01 1.657073181359807990e+01
9.997622109126641510e-01 -1.577599733953862155e-03 -2.174931746295102192e-02 -5.696691548863273002e-01 1.590062815523737676e-03 9.999985814191426625e-01 5.557516900298542723e-04 0.000000000000000000e+00 2.174840985606736610e-02 -5.902023193039723260e-04 9.997633011518047841e-01 1.741708822572642390e+01
9.997884367272068529e-01 -2.519468585119125428e-03 -2.041406536237621444e-02 -6.029387454942772839e-01 2.401444648264189699e-03 9.999802733969311852e-01 -5.803953876121976767e-03 0.000000000000000000e+00 2.042828554167226696e-02 5.753702724630595407e-03 9.997747646619130624e-01 1.827651003944843566e+01
9.998090748836623298e-01 -1.676160046026584560e-03 -1.946803194413342097e-02 -6.089891378892194895e-01 1.469639666474366379e-03 9.999425512229708213e-01 -1.061764629958765645e-02 0.000000000000000000e+00 1.948471040401739476e-02 1.058700813225895397e-02 9.997541004263389430e-01 1.915829589878701356e+01
9.997914784608759042e-01 -2.312429679525178274e-04 -2.041925864737259219e-02 -6.246073110482079915e-01 -2.823899263232843588e-06 9.999343060038239361e-01 -1.146227153194083644e-02 0.000000000000000000e+00 2.042056779436175751e-02 1.145993906336813944e-02 9.997257975103067684e-01 2.005937535406268779e+01
9.997836536505096960e-01 -7.462968292767639287e-04 -2.078674900705138745e-02 -6.580647674077709786e-01 5.211809067082756207e-04 9.999411845040537816e-01 -1.083309296037587334e-02 0.000000000000000000e+00 2.079361112702715966e-02 1.081991560356476527e-02 9.997252398347402647e-01 2.097920443323205575e+01
9.997482453626655996e-01 -6.740503752246987910e-04 -2.242747311590435194e-02 -6.463578609566676958e-01 3.863025934823925592e-04 9.999175917901093058e-01 -1.283200681775322274e-02 0.000000000000000000e+00 2.243427432700318205e-02 1.282011250950017625e-02 9.996661182868329387e-01 2.191388834939281338e+01
9.997689206290056863e-01 8.542039131943116124e-04 -2.147965735270928808e-02 -6.906278102554391785e-01 -1.171398029735138324e-03 9.998903946954880162e-01 -1.475894380885415212e-02 0.000000000000000000e+00 2.146469592076846039e-02 1.478069454970414032e-02 9.996603412648005227e-01 2.286629169164633524e+01
9.997393912371962399e-01 4.059462685888678979e-03 -2.246486971660034693e-02 -7.318078253719344506e-01 -4.409834859960454906e-03 9.998690720076315319e-01 -1.556894983940210718e-02 0.000000000000000000e+00 2.239872686537829408e-02 1.566395880024659334e-02 9.996263989258760141e-01 2.383738846905253439e+01
9.997132076764246866e-01 6.165906636368086342e-03 -2.314052706113080976e-02 -7.562946833285772996e-01 -6.530190125751261787e-03 9.998554256814243812e-01 -1.569982013703744364e-02 0.000000000000000000e+00 2.304037791002701285e-02 1.584642959045946126e-02 9.996089393632884290e-01 2.481344961674361116e+01
9.997001029059544575e-01 6.707666384203585762e-03 -2.355231329410852059e-02 -7.818882969571560038e-01 -7.073759406167913315e-03 9.998549218331604926e-01 -1.549507063115409394e-02 0.000000000000000000e+00 2.344496060327782433e-02 1.565702710220056096e-02 9.996025166658158989e-01 2.579628705376289943e+01
9.996495870969051012e-01 5.696273320039764616e-03 -2.585063804342306940e-02 -7.610612956585843802e-01 -6.090664890807151975e-03 9.998658689963436652e-01 -1.520354621036991948e-02 0.000000000000000000e+00 2.576056711674934441e-02 1.535566626514060264e-02 9.995501971864034774e-01 2.678407287714416540e+01
9.996535901427843207e-01 6.288099842966246404e-03 -2.555698564010955298e-02 -8.211566390748323840e-01 -6.648899773607059270e-03 9.998790877855137094e-01 -1.405709575289653887e-02 0.000000000000000000e+00 2.546550306678419667e-02 1.422215207240007384e-02 9.995745287591045747e-01 2.778398337385655381e+01
9.996667658461697581e-01 6.988388676317164490e-03 -2.484994338765881411e-02 -8.931790499361909053e-01 -7.285158680389837264e-03 9.999029854795354888e-01 -1.187207193836170051e-02 0.000000000000000000e+00 2.476456592921948141e-02 1.204915153929253524e-02 9.996206951746855474e-01 2.878928789315810732e+01
9.996393900519715547e-01 6.657537098388076162e-03 -2.601474690070662218e-02 -9.318142956284458656e-01 -6.943599875660113815e-03 9.999162516565804903e-01 -1.092135952240684722e-02 0.000000000000000000e+00 2.593985885256440069e-02 1.109805716486178019e-02 9.996018991828073963e-01 2.980344452287035750e+01
9.996428812024313881e-01 8.057840196347450593e-03 -2.547903594474150435e-02 -9.864081539490848760e-01 -8.355135002609528558e-03 9.998980035179745318e-01 -1.158336219986133564e-02 0.000000000000000000e+00 2.538310029116726263e-02 1.179210634853501347e-02 9.996082454879381407e-01 3.082356100061011617e+01
9.996260175790215863e-01 9.525808162562368273e-03 -2.563364893957057952e-02 -1.025210471812939117e+00 -9.846202593892790927e-03 9.998746144476411413e-01 -1.240192233718326320e-02 0.000000000000000000e+00 2.551229651730873779e-02 1.264967833692219080e-02 9.995944719556956182e-01 3.185194230524069070e+01
9.996285170414931365e-01 8.492114363304756330e-03 -2.589810632199706850e-02 -1.083412838805648537e+00 -8.792633997149822134e-03 9.998950738320327991e-01 -1.151220716559053607e-02 0.000000000000000000e+00 2.579762595311923742e-02 1.173564314692200974e-02 9.995982979052693285e-01 3.288690279543528305e+01
9.996133408116106844e-01 8.329304183040037168e-03 -2.652907015479861672e-02 -1.119082416591398843e+00 -8.565528245899484139e-03 9.999245649409121972e-01 -8.803189966829326127e-03 0.000000000000000000e+00 2.645374448580955357e-02 9.027021632289588399e-03 9.996092798104320165e-01 3.393391457715434001e+01
9.995995447738503792e-01 8.145809652220841954e-03 -2.709973935339530376e-02 -1.179893707137637859e+00 -8.281118547127659657e-03 9.999537812112174739e-01 -4.884518092178211264e-03 0.000000000000000000e+00 2.705869848164467115e-02 5.106978215562331738e-03 9.996208009090178370e-01 3.498776563421917984e+01
9.995553907628199619e-01 8.728753023200497632e-03 -2.851016779408888091e-02 -1.218470687415101006e+00 -8.820850498577436152e-03 9.999562712055010127e-01 -3.106166973650033476e-03 0.000000000000000000e+00 2.848180811445877661e-02 3.356269870921977164e-03 9.995886764360056853e-01 3.605056611142173750e+01
9.995288902874680526e-01 9.109234608363363933e-03 -2.930903146733548209e-02 -1.223347399155132242e+00 -9.207713381016833717e-03 9.999524017408683019e-01 -3.226804449911110755e-03 0.000000000000000000e+00 2.927824268969157762e-02 3.495153432220402673e-03 9.995651896737350883e-01 3.711390844060483829e+01
9.995250034195251043e-01 9.143673222451421598e-03 -2.943060956215646021e-02 -1.276346269472551143e+00 -9.294477717527964769e-03 9.999443479991046990e-01 -4.991351380144228370e-03 0.000000000000000000e+00 2.938333240388864287e-02 5.262522650095112671e-03 9.995543635201644683e-01 3.818460815446463386e+01
9.995280652400245769e-01 9.968409850782355280e-03 -2.905645543731215363e-02 -1.341228401268006021e+00 -1.012966083462076179e-02 9.999340713787649992e-01 -5.407667450794016381e-03 0.000000000000000000e+00 2.900063393978112927e-02 5.699447423189169318e-03 9.995631443436489016e-01 3.925829714519611713e+01
9.995299118430007734e-01 1.007985255936304919e-02 -2.895430716672501084e-02 -1.386852631814406545e+00 -1.022599475694216907e-02 9.999356892964549326e-01 -4.903702932525255166e-03 0.000000000000000000e+00 2.890301649230586981e-02 5.197484353128383784e-03 9.995687078905809431e-01 4.033444789984822876e+01
9.995128303210840670e-01 9.633019469942395371e-03 -2.968681457192744524e-02 -1.443630048296428159e+00 -9.729913899162778712e-03 9.999477922123460871e-01 -3.121157664217962154e-03 0.000000000000000000e+00 2.965519851646812935e-02 3.408487280565418096e-03 9.995543764175155443e-01 4.141105920850893085e+01
9.994418031978083983e-01 1.009742457117362123e-02 -3.184531421956288827e-02 -1.499392272966015627e+00 -1.013892551560922201e-02 9.999479476696501168e-01 -1.141989771744115166e-03 0.000000000000000000e+00 3.183212544116595377e-02 1.464229585598036693e-03 9.994921569585325516e-01 4.248579786276414438e+01
9.993935749485227671e-01 1.113873846978770052e-02 -3.299107238197998559e-02 -1.540045374395034194e+00 -1.117293937888567609e-02 9.999372173693169552e-01 -8.524936000876432709e-04 0.000000000000000000e+00 3.297950541240839140e-02 1.220583878379935322e-03 9.994552828404831279e-01 4.355986891258410054e+01
9.992922414289260313e-01 1.257423254926157662e-02 -3.545285455009478809e-02 -1.575051046871490668e+00 -1.276466684831876509e-02 9.999052645923002247e-01 -5.150254445077924112e-03 0.000000000000000000e+00 3.538473541238473102e-02 5.599153185504377427e-03 9.993580789603905279e-01 4.462497838356982527e+01
9.992815855140686487e-01 1.321286265975572805e-02 -3.552088277090467011e-02 -1.631665105024429963e+00 -1.353000511651298969e-02 9.998705914928452954e-01 -8.702828809596760418e-03 0.000000000000000000e+00 3.540129678468009744e-02 9.177174296944059367e-03 9.993310400752535294e-01 4.568621849839128402e+01
9.992455461155801411e-01 1.409515066027885490e-02 -3.618929808715282137e-02 -1.679799798675213784e+00 -1.447232545157331809e-02 9.998434317187491205e-01 -1.018154432751489438e-02 0.000000000000000000e+00 3.604012158970120588e-02 1.069760612162817294e-02 9.992930855655249855e-01 4.675853157718757558e+01
9.992673408095729126e-01 1.451518579570668967e-02 -3.541314689040268859e-02 -1.761477253055564685e+00 -1.479049195680603480e-02 9.998623016621535076e-01 -7.524563942908471526e-03 0.000000000000000000e+00 3.529905011527514902e-02 8.042828866228741644e-03 9.993444300964453575e-01 4.783460353117484942e+01
9.992798442032523321e-01 1.577199828945971549e-02 -3.451140447854074422e-02 -1.804554813640807609e+00 -1.599300883163708858e-02 9.998532677541258629e-01 -6.137314551337809225e-03 0.000000000000000000e+00 3.440954282804793013e-02 6.684835925304002772e-03 9.993854593353947990e-01 4.891092053358354264e+01
9.993051240548382896e-01 1.242808583675834334e-02 -3.513988787943335412e-02 -1.834260632524729484e+00 -1.261153030223586581e-02 9.999079525445483396e-01 -5.003572883386658496e-03 0.000000000000000000e+00 3.507446850888416151e-02 5.443263781758071740e-03 9.993698777420817470e-01 4.998708319333736938e+01
9.993291419167872336e-01 1.192966924841287919e-02 -3.462584450207042974e-02 -1.896463925479306090e+00 -1.213819885552741389e-02 9.999094010035660673e-01 -5.818411572569323446e-03 0.000000000000000000e+00 3.455329570969614683e-02 6.234803630240411641e-03 9.993834083970439819e-01 5.106453843330913145e+01
9.993827010375108122e-01 1.126797906178526529e-02 -3.327535897376120155e-02 -1.956448574888132397e+00 -1.151526066437057357e-02 9.999074203696272090e-01 -7.249100743100542546e-03 0.000000000000000000e+00 3.319059563793703982e-02 7.627800313015514234e-03 9.994199322725086931e-01 5.213372942203065463e+01
9.993625871674076677e-01 1.094216567897091791e-02 -3.398070600091360194e-02 -2.007702305733756631e+00 -1.128492376716165244e-02 9.998872001330123549e-01 -9.911483528142401786e-03 0.000000000000000000e+00 3.386841988690742627e-02 1.028863549812547053e-02 9.993733407060411134e-01 5.320626296878590722e+01
9.993776691667662915e-01 9.792673110778969334e-03 -3.388772527254346051e-02 -2.048552167553016279e+00 -1.021596762571019140e-02 9.998716640394874622e-01 -1.234056142852606869e-02 0.000000000000000000e+00 3.376252917469818593e-02 1.267907742094224674e-02 9.993494547051513521e-01 5.428003700957398081e+01
9.993177750521524683e-01 8.332071565823937973e-03 -3.598000900830330973e-02 -2.072355108189782413e+00 -8.924043692036070369e-03 9.998269345903751937e-01 -1.632367335470603573e-02 0.000000000000000000e+00 3.583777209869767888e-02 1.663362410993218451e-02 9.992191834827698349e-01 5.534669908489729551e+01
9.993200464425527896e-01 6.528272519429419510e-03 -3.628810322908993663e-02 -2.122326776349750421e+00 -7.166759586828019314e-03 9.998213037626552113e-01 -1.749280135840599812e-02 0.000000000000000000e+00 3.616742090718681052e-02 1.774097517759680095e-02 9.991882582700181148e-01 5.641773824410171301e+01
9.993325200952375420e-01 5.410684967099648433e-03 -3.612808835639372967e-02 -2.183329271531653237e+00 -5.949263404888896489e-03 9.998725284937227675e-01 -1.481664700613611989e-02 0.000000000000000000e+00 3.604331484533330326e-02 1.502169270595013484e-02 9.992373232637031810e-01 5.748768903390776330e+01
9.993653690688758529e-01 4.015483810506493764e-03 -3.539399660387967245e-02 -2.238089226043392888e+00 -4.341335765899646641e-03 9.999488566553895730e-01 -9.134378870130464498e-03 0.000000000000000000e+00 3.535550748604240207e-02 9.282239134116772664e-03 9.993316907449016906e-01 5.857319806990141586e+01
9.993439255386434850e-01 1.369619119742372356e-03 -3.619174812687712961e-02 -2.297458876191705190e+00 -1.473114810340664556e-03 9.999949016192051232e-01 -2.833137544901165750e-03 0.000000000000000000e+00 3.618768328821334035e-02 2.884593395889502136e-03 9.993408481089796069e-01 5.965744084343614162e+01
9.993394944817249881e-01 6.458155679555899979e-04 -3.633397433892229106e-02 -2.329864969237691152e+00 -7.189219017018820762e-04 9.999977434997336934e-01 -1.999036451923591907e-03 0.000000000000000000e+00 3.633260134243806311e-02 2.023837367243273670e-03 9.993377037628494719e-01 6.074021304705585322e+01
9.993472783406132098e-01 -2.881481581941912600e-03 -3.600991998187140497e-02 -2.398392167177644918e+00 2.698963189706165243e-03 9.999832702053700340e-01 -5.116141814986269708e-03 0.000000000000000000e+00 3.602405961171451648e-02 5.015612949914267926e-03 9.993383364786074807e-01 6.181733328300099117e+01
9.993682066318596569e-01 -4.779841108806902675e-03 -3.521847089800814179e-02 -2.469956771541501617e+00 4.458589906234610573e-03 9.999477891043144773e-01 -9.194565864545166389e-03 0.000000000000000000e+00 3.526058067399341633e-02 9.031732079948553635e-03 9.993373400739967716e-01 6.289301765285408408e+01
9.993830890178367898e-01 -2.431652800340401016e-03 -3.503610209232735362e-02 -2.503293157511687905e+00 1.977799567887292016e-03 9.999137650151523893e-01 -1.298271320208633887e-02 0.000000000000000000e+00 3.506465020550669776e-02 1.290540963615343512e-02 9.993017165541598912e-01 6.397194723132315630e+01
9.993909450392912674e-01 -2.114277996003287568e-03 -3.483200829734788700e-02 -2.561533067935437558e+00 1.509588501169231408e-03 9.998478632219570672e-01 -1.737732870838737398e-02 0.000000000000000000e+00 3.486344957154875052e-02 1.731416296093374677e-02 9.992420926106627688e-01 6.505219952292351593e+01
9.994394012430872776e-01 1.013193817558903729e-03 -3.346425975793342056e-02 -2.645523680702393854e+00 -1.614424502002941107e-03 9.998376860979759639e-01 -1.794422168186479011e-02 0.000000000000000000e+00 3.344064706888327798e-02 1.798818769438911142e-02 9.992788140589631274e-01 6.613402160187366974e+01
9.994566824763333468e-01 5.099125829127965429e-03 -3.256284338290452163e-02 -2.688000345267914426e+00 -5.569084902548419869e-03 9.998814092259021846e-01 -1.435802137369834169e-02 0.000000000000000000e+00 3.248576837245761156e-02 1.453156564854696936e-02 9.993665535993563331e-01 6.722568456161555162e+01
9.994521408252906580e-01 5.975644622894347655e-03 -3.255318526784736072e-02 -2.746833783481622770e+00 -6.387802145121514348e-03 9.999005679932919666e-01 -1.257179821831943926e-02 0.000000000000000000e+00 3.247482384088652696e-02 1.277285395000580387e-02 9.993909345288646273e-01 6.831305818873410374e+01
9.994187440204923556e-01 6.236988391190249198e-03 -3.351528123570578915e-02 -2.735820009261777042e+00 -6.629344303176032578e-03 9.999106440529388351e-01 -1.160843244120992809e-02 0.000000000000000000e+00 3.343988478763271210e-02 1.182386930916841036e-02 9.993707871555741473e-01 6.939869948629119278e+01
9.994083316002227990e-01 3.682307307068699576e-03 -3.419689080828016564e-02 -2.750719590083376964e+00 -4.083914334017053720e-03 9.999234285941106526e-01 -1.168154922547373457e-02 0.000000000000000000e+00 3.415125725020160680e-02 1.181429479448573537e-02 9.993468437268125948e-01 7.048647176880639620e+01
9.993703278774235255e-01 2.368340486995611834e-03 -3.540252422506418722e-02 -2.774043591832739963e+00 -2.749052356111270339e-03 9.999388781492745126e-01 -1.070899979971299924e-02 0.000000000000000000e+00 3.537499779946084305e-02 1.079958003371004824e-02 9.993157552054237058e-01 7.157030992512974876e+01
9.993726940856733076e-01 1.191177274056411323e-03 -3.539490659181013243e-02 -2.820392833263908994e+00 -1.513389274281238097e-03 9.999576493679793732e-01 -9.077947089865109551e-03 0.000000000000000000e+00 3.538259415087566945e-02 9.125818711964325120e-03 9.993321727353690065e-01 7.265353088620312860e+01
9.993455250676025470e-01 1.325867852235856914e-04 -3.617324906751073071e-02 -2.867603607530819776e+00 -4.047092806670535129e-04 9.999716760585830588e-01 -7.515536639688486821e-03 0.000000000000000000e+00 3.617122803767954670e-02 7.525257558962205988e-03 9.993172733226020066e-01 7.373258940764584679e+01
9.993214371197135515e-01 -1.188993326453699094e-03 -3.681374210614923176e-02 -2.913844334020589955e+00 8.651893469506722256e-04 9.999608132194066634e-01 -8.810418433464460922e-03 0.000000000000000000e+00 3.682277502283372306e-02 8.772589153062506154e-03 9.992833056341789977e-01 7.480633066198214465e+01
9.993229033842014886e-01 -7.919380572593588815e-04 -3.678461099265559198e-02 -2.995942356282790264e+00 3.294921523489053239e-04 9.999208636506471404e-01 -1.257608329571896326e-02 0.000000000000000000e+00 3.679165947180097068e-02 1.255544783162856025e-02 9.992440815551829614e-01 7.587279800328316526e+01
9.992709058177289272e-01 2.859869654380857678e-04 -3.817820055566992915e-02 -3.044304145886023161e+00 -8.179207394738099600e-04 9.999028050404724643e-01 -1.391802708195438373e-02 0.000000000000000000e+00 3.817050945268060658e-02 1.393910627140895406e-02 9.991740156371559101e-01 7.694092430131928495e+01
9.992341879598910515e-01 2.205611422345334603e-03 -3.906626281574558657e-02 -3.110904514387557107e+00 -2.672340542962212129e-03 9.999256342941520437e-01 -1.189892757585079945e-02 0.000000000000000000e+00 3.903711321496006886e-02 1.199421359183181976e-02 9.991657733490265647e-01 7.800464345894758367e+01
9.992105499956125403e-01 3.597875079606465895e-03 -3.956427773100627820e-02 -3.172980205614295723e+00 -3.904465686774149027e-03 9.999629268326321041e-01 -7.674640578639375064e-03 0.000000000000000000e+00 3.953519855983192444e-02 7.823059198422058561e-03 9.991875538754549924e-01 7.907428962307042752e+01
9.991704057977218723e-01 5.654025390063670622e-03 -4.033028855466812279e-02 -3.204644588952381579e+00 -5.810531106005482026e-03 9.999760330828283417e-01 -3.764437300687379761e-03 0.000000000000000000e+00 4.030803773790404831e-02 3.995654741487443019e-03 9.991793116537738273e-01 8.014032633664122329e+01
9.991422843804397269e-01 6.401736277444341691e-03 -4.091104173285992074e-02 -3.261577307305237650e+00 -6.538655062352494683e-03 9.999734583494315210e-01 -3.213811856367905419e-03 0.000000000000000000e+00 4.088938191033465730e-02 3.478558509871520089e-03 9.991576242403831243e-01 8.120029778479724314e+01
9.991351492425838421e-01 5.591803339931296878e-03 -4.120297663281630857e-02 -3.347358801355739821e+00 -5.797429857774406836e-03 9.999713225087664137e-01 -4.872778171340332032e-03 0.000000000000000000e+00 4.117454741756049891e-02 5.107435312406848234e-03 9.991389146407476662e-01 8.225223011132422357e+01
9.991163875337027989e-01 5.275649504712750203e-03 -4.169666274299792252e-02 -3.414526179791027793e+00 -5.517767122666859987e-03 9.999685675754117486e-01 -5.693690117527423940e-03 0.000000000000000000e+00 4.166531420234073635e-02 5.918731576767034298e-03 9.991140926885901941e-01 8.329788200861851521e+01
9.990941904348894509e-01 4.173043198716883638e-03 -4.234836891441176587e-02 -3.473705807894788222e+00 -4.423059466845796414e-03 9.999733292883242752e-01 -5.811820452546034160e-03 0.000000000000000000e+00 4.232298647546142017e-02 5.993865404020222790e-03 9.990860015000303518e-01 8.433582030362188675e+01
9.990638836090536268e-01 3.397780260933221195e-03 -4.312553254500561817e-02 -3.524030238034242757e+00 -3.642053547829393959e-03 9.999777605649008416e-01 -5.586933108254805817e-03 0.000000000000000000e+00 4.310559028648764529e-02 5.738768587403055878e-03 9.990540398903134944e-01 8.536021724743817174e+01
9.990657985885026404e-01 9.406157732869772090e-04 -4.320469109577726452e-02 -3.607976173933209907e+00 -1.120067594065536328e-03 9.999908462695212830e-01 -4.129506719499759053e-03 0.000000000000000000e+00 4.320041133252187915e-02 4.174041102900029505e-03 9.990577069627031292e-01 8.636826684482464600e+01
9.990649151783008719e-01 9.274714686372808074e-04 -4.322539827978535976e-02 -3.672011401798945585e+00 -9.955950245310533474e-04 9.999982961483103727e-01 -1.554506679989129227e-03 0.000000000000000000e+00 4.322388286952254938e-02 1.596088075846593393e-03 9.990641363058420099e-01 8.736061920277882109e+01
9.990756384999895934e-01 1.604273091911790218e-04 -4.298654230006410809e-02 -3.749872317589920012e+00 -1.680556969680258440e-04 9.999999707673816740e-01 -1.738462283781710179e-04 0.000000000000000000e+00 4.298651315377093052e-02 1.809096649425693344e-04 9.990756362551214131e-01 8.833034033706907451e+01
9.990203889064195319e-01 -1.293104739108692867e-03 -4.423336330643956593e-02 -3.831972751263641896e+00 1.309958026867076878e-03 9.999990800439294558e-01 3.520245077401897254e-04 0.000000000000000000e+00 4.423286740912792808e-02 -4.096235099474849735e-04 9.990211637644863529e-01 8.928061097229391407e+01
9.988373348278805075e-01 -3.103442019034105982e-03 -4.810766260763473662e-02 -3.867386216446846436e+00 3.075037346423693634e-03 9.999950513215598580e-01 -6.644378829983435325e-04 0.000000000000000000e+00 4.810948658272587442e-02 5.157325050434052914e-04 9.988419351032133964e-01 9.021134177312984548e+01
9.986383450442285481e-01 -4.141834041058098381e-03 -5.200289432425830860e-02 -3.905662439172234990e+00 4.075709869698469767e-03 9.999907454571422827e-01 -1.377530078889979909e-03 0.000000000000000000e+00 5.200811856221614765e-02 1.163705648579339228e-03 9.986459840167506430e-01 9.111709079523414800e+01
9.983737507066429151e-01 -4.555665643350028174e-03 -5.682516881184898616e-02 -3.918213973041086984e+00 4.490350743262489473e-03 9.999891029074977622e-01 -1.277034240595856631e-03 0.000000000000000000e+00 5.683036732374217859e-02 1.019792525552398960e-03 9.983833278721429005e-01 9.200283277487524458e+01
9.981530915432753615e-01 -3.559454720192441798e-03 -6.064434124216007416e-02 -3.966983153075954949e+00 3.546167363219241819e-03 9.999936589526609021e-01 -3.267284694378376486e-04 0.000000000000000000e+00 6.064511966871312387e-02 1.110700481859095459e-04 9.981593846294355421e-01 9.286407608210888043e+01
9.979956382527540582e-01 -2.544303161114536572e-03 -6.323157873958963615e-02 -4.042326306505925615e+00 2.587531464132121310e-03 9.999964712700460945e-01 6.017710272100064602e-04 0.000000000000000000e+00 6.322982452449586732e-02 -7.641785598996897770e-04 9.979987000601412417e-01 9.370077459333094794e+01
9.977651491426134944e-01 -3.176092806228422716e-03 -6.674293663679360666e-02 -4.104936533553522615e+00 3.332375152932954762e-03 9.999919603612968944e-01 2.230356160171536369e-03 0.000000000000000000e+00 6.673531622954040343e-02 -2.447784150478710379e-03 9.977677114040610640e-01 9.451367932022952800e+01
9.976551935613008348e-01 -1.386405011496697750e-03 -6.842654924302578323e-02 -4.185201990808963046e+00 1.581885190537110717e-03 9.999948212812805881e-01 2.802686185185290692e-03 0.000000000000000000e+00 6.842230922300067408e-02 -2.904357373461508886e-03 9.976522201192362660e-01 9.529670376482852134e+01
9.973740953706812240e-01 -7.816114615516403128e-04 -7.241755979760070017e-02 -4.223627171673409286e+00 1.030660637707050660e-03 9.999936828384997645e-01 3.401767442474745197e-03 0.000000000000000000e+00 7.241444346375661145e-02 -3.467472653963675402e-03 9.973686003736181860e-01 9.605696500201976562e+01
9.971904469084180711e-01 1.053815340839487974e-03 -7.490061460240970970e-02 -4.289437746025146048e+00 -8.765976982479692196e-04 9.999967384873571508e-01 2.398872883583287510e-03 0.000000000000000000e+00 7.490289828215289381e-02 -2.326475416500922450e-03 9.971881183312764074e-01 9.678263511105244277e+01
9.968345500298012585e-01 2.330829483722006868e-03 -7.946978734590359750e-02 -4.304881209551459698e+00 -2.385541055139532400e-03 9.999969784564204378e-01 -5.935249713514257307e-04 0.000000000000000000e+00 7.946816381897456316e-02 7.812246381035434879e-04 9.968370983401987351e-01 9.748187561659206324e+01
9.966893766740325677e-01 4.735116944186528593e-03 -8.116566449339665534e-02 -4.383206544385424230e+00 -5.028502963206553378e-03 9.999815407144512225e-01 -3.410628723590868397e-03 0.000000000000000000e+00 8.114801650735885274e-02 3.807479200996143672e-03 9.966947890498160101e-01 9.814380308828752675e+01
9.965951142160064391e-01 7.478547644004129857e-03 -8.211120292580452451e-02 -4.463978567267609776e+00 -7.993298008274529742e-03 9.999503986613723638e-01 -5.942003357680028346e-03 0.000000000000000000e+00 8.206269254501107058e-02 6.578110829720990559e-03 9.966054600242649775e-01 9.877740376274228140e+01
9.965244857912584076e-01 9.336646669392916625e-03 -8.277545679390577171e-02 -4.534999137588437534e+00 -9.954040542975384209e-03 9.999256108203983251e-01 -7.049106490345035704e-03 0.000000000000000000e+00 8.270348417894764215e-02 7.848557473466893225e-03 9.965432925117954088e-01 9.938060629696798287e+01
9.967515092999315041e-01 1.215130869136560321e-02 -7.961642045078695662e-02 -4.642143882794645293e+00 -1.268082838117194286e-02 9.999006904645235672e-01 -6.148642136775604033e-03 0.000000000000000000e+00 7.953379973241819778e-02 7.138270494034059700e-03 9.968066110306849081e-01 9.995609570087016493e+01
9.968617030754596264e-01 1.583521369639517146e-02 -7.756281937039269381e-02 -4.691353064362710157e+00 -1.621799460251605388e-02 9.998592004815124445e-01 -4.307651742340040148e-03 0.000000000000000000e+00 7.748368597690243054e-02 5.552046438028190693e-03 9.969781608379315596e-01 1.005184546408981561e+02
9.971767211139395126e-01 1.861655977980183202e-02 -7.274620657064068130e-02 -4.730864434135887642e+00 -1.884565006985091523e-02 9.998193687802156004e-01 -2.463997842146116186e-03 0.000000000000000000e+00 7.268719517148673759e-02 3.827990842000646154e-03 9.973474410375843258e-01 1.010567971482144998e+02
9.976378443349488423e-01 1.975521643004782280e-02 -6.579105542942922935e-02 -4.758528239168239082e+00 -1.983065140183476807e-02 9.998032314183493696e-01 -4.936703316631581816e-04 0.000000000000000000e+00 6.576835725251919951e-02 1.797183691070542528e-03 9.978332993617157198e-01 1.015739984246051648e+02
9.981914051026566925e-01 1.974922794237312165e-02 -5.677928121122704369e-02 -4.755250406338587865e+00 -1.967949690972544199e-02 9.998047428742846687e-01 1.787044335429483020e-03 0.000000000000000000e+00 5.680348739790028884e-02 -6.664246070320406154e-04 9.983851559882496174e-01 1.020689587746837645e+02
9.987837279626813336e-01 1.938443970747901271e-02 -4.533550765344430272e-02 -4.770784051643266466e+00 -1.925743679954538407e-02 9.998093198761129896e-01 3.236513056841740406e-03 0.000000000000000000e+00 4.538960106544043249e-02 -2.359530903102478958e-03 9.989665743802638165e-01 1.025431235981244527e+02
9.993128279075357279e-01 1.854978269797893584e-02 -3.209014710625707895e-02 -4.783389194312522186e+00 -1.843699070462405040e-02 9.998227755615916035e-01 3.807209222533229024e-03 0.000000000000000000e+00 3.215508285172057751e-02 -3.212947270698955290e-03 9.994777274239964315e-01 1.029940201510357554e+02
9.996959996776508817e-01 1.906705316081369617e-02 -1.563188127720802414e-02 -4.801557255606517138e+00 -1.901847408532655534e-02 9.998138486392043056e-01 3.250494226948814815e-03 0.000000000000000000e+00 1.569094872745968594e-02 -2.952211546682246071e-03 9.998725311633567259e-01 1.034258573454665111e+02
9.998537042418244036e-01 1.702469070818574126e-02 1.652277274839045358e-03 -4.780139130305045114e+00 -1.702555848417568185e-02 9.998549232954702104e-01 5.125622915340551870e-04 0.000000000000000000e+00 -1.643311353415982407e-03 -5.406182492215757564e-04 9.999985036287336593e-01 1.038468916234731410e+02
9.995762338030277361e-01 1.600777623941310179e-02 2.431262873535861013e-02 -4.790551007987431831e+00 -1.593462790890153719e-02 9.998679169205859640e-01 -3.199429055891236679e-03 0.000000000000000000e+00 -2.436063319290826187e-02 2.810660553620781578e-03 9.996992846539878297e-01 1.042596840088730232e+02
9.987274265833190334e-01 1.350089462094432660e-02 4.859272820798020420e-02 -4.765851026066171947e+00 -1.316510447262824075e-02 9.998872424232260192e-01 -7.223743038921839194e-03 0.000000000000000000e+00 -4.868477600323707633e-02 6.574821952091715153e-03 9.987925531870044393e-01 1.046614467122167866e+02
9.970253543996696610e-01 1.013032356797040345e-02 7.640562301703002213e-02 -4.719936448860216238e+00 -9.535341565203345193e-03 9.999213409681722009e-01 -8.147952972248495226e-03 0.000000000000000000e+00 -7.648215442472405812e-02 7.395161986816606650e-03 9.970435254459774077e-01 1.050603448851105810e+02
9.946734413653073315e-01 7.333282023325963551e-03 1.028152129660887815e-01 -4.619738687329644655e+00 -6.523226288983009422e-03 9.999449973685100579e-01 -8.212780069120189860e-03 0.000000000000000000e+00 -1.028697844912615650e-01 7.498347314398577310e-03 9.946665683666441327e-01 1.054357051657960369e+02
9.908607928023426270e-01 4.695767068832189077e-03 1.348066729014098242e-01 -4.535013245579873065e+00 -3.549468345210415442e-03 9.999554851813220457e-01 -8.742364110661794696e-03 0.000000000000000000e+00 -1.348417241123045229e-01 8.183973815468585655e-03 9.908333522903892687e-01 1.058151299333274977e+02
9.859616518606814095e-01 1.618604272652715993e-03 1.669640715254763486e-01 -4.406955914571621058e+00 5.103991816095993785e-05 9.999500449874330066e-01 -9.995245096925634010e-03 0.000000000000000000e+00 -1.669719091796062205e-01 9.863450199061955456e-03 9.859123155205485878e-01 1.061687254484631495e+02
9.789826797861511665e-01 -1.127824047773695300e-03 2.039402870735516349e-01 -4.286334023995699738e+00 3.133993019768210788e-03 9.999498264433480665e-01 -9.514340947236526666e-03 0.000000000000000000e+00 -2.039193241614867536e-01 9.953522433061219934e-03 9.789370953359050054e-01 1.065295880746741375e+02
9.699925532046735910e-01 -2.774639689143664194e-03 2.431187942181202710e-01 -4.170614382099078199e+00 5.334408896341531932e-03 9.999370498606595659e-01 -9.871190286752526410e-03 0.000000000000000000e+00 -2.430761008598006645e-01 1.087187612815976659e-02 9.699462931009382727e-01 1.068762906020363062e+02
9.587282231228035911e-01 -1.129288448465875106e-03 2.843218579275795244e-01 -4.040435613622922695e+00 4.517098092169892151e-03 9.999264014051046923e-01 -1.125999990465625412e-02 0.000000000000000000e+00 -2.842882164505176057e-01 1.207958942295949030e-02 9.586627631793975812e-01 1.072213469710776934e+02
9.447398172594733134e-01 2.252149013040254805e-03 3.278133699368575016e-01 -3.892793303546696393e+00 2.295428627083240768e-03 9.999064402491705250e-01 -1.348487136164034338e-02 0.000000000000000000e+00 -3.278130697393776272e-01 1.349216709965584717e-02 9.446462579902608070e-01 1.075551563409287468e+02
9.284987556449436630e-01 3.852506004973366236e-03 3.713155248077728010e-01 -3.727975299384759467e+00 1.054767482208592792e-03 9.999147850672556181e-01 -1.301192028305788936e-02 0.000000000000000000e+00 -3.713340116813280689e-01 1.247320333257552309e-02 9.284155701878750167e-01 1.078684812437964951e+02
9.098909463391082753e-01 4.533675586184636452e-03 4.148227471532877630e-01 -3.546273234113509254e+00 4.991245501909440064e-04 9.999275941649609090e-01 -1.202319849902369620e-02 0.000000000000000000e+00 -4.148472208473918399e-01 1.114684767738016204e-02 9.098228020565621854e-01 1.081801487109424329e+02
8.888669500449982719e-01 3.201137137037163034e-03 4.581542293144659217e-01 -3.345915063446284421e+00 2.416195042835132898e-03 9.999289349655423598e-01 -1.167420319257977783e-02 0.000000000000000000e+00 -4.581590412937599499e-01 1.148380336371627834e-02 8.887960481128883705e-01 1.084617976286127856e+02
