1.000000000000000000e+00 0.000000000000000000e+00 0.000000000000000000e+00 0.000000000000000000e+00 0.000000000000000000e+00 1.000000000000000000e+00 0.000000000000000000e+00 0.000000000000000000e+00 0.000000000000000000e+00 0.000000000000000000e+00 1.000000000000000000e+00 0.000000000000000000e+00
9.999985737981799128e-01 9.478736647721340515e-04 1.397833009166677201e-03 1.496424088856092120e-02 -9.462628498449124478e-04 9.999988880755334986e-01 -1.152577249554299216e-03 0.000000000000000000e+00 -1.398923952503426660e-03 1.151252888299685723e-03 9.999983588129344181e-01 1.199318217630138683e+00
9.999809078332528856e-01 1.099228801988076046e-03 6.080761878580675725e-03 -4.909628917675316895e-02 -1.098494910684113396e-03 9.999993889626528354e-01 -1.240292413060148033e-04 0.000000000000000000e+00 -6.080894499522379072e-03 1.173471873423544522e-04 9.999815043048161378e-01 2.383178077123182526e+00
9.999714890829665137e-01 6.700359266002032816e-04 7.521440889343762592e-03 -6.639795628489139623e-02 -6.706749646651282782e-04 9.999997716993223040e-01 8.244025115003208982e-05 0.000000000000000000e+00 -7.521383934263626940e-03 -8.748234280558943017e-05 9.999717101651189877e-01 3.574910448151590092e+00
9.999600706674635076e-01 1.114158450622281969e-03 8.866550719868065283e-03 -7.483714687272950694e-02 -1.112801591668179145e-03 9.999993683599248673e-01 -1.579631895450454902e-04 0.000000000000000000e+00 -8.866721115421812016e-03 1.480901704266258554e-04 9.999606788899063625e-01 4.766954603591565309e+00
9.999557145830476612e-01 5.499325645110902635e-04 9.395022452374408167e-03 -7.348851978696908926e-02 -5.523875129702424504e-04 9.999998139685192244e-01 2.587101909366000757e-04 0.000000000000000000e+00 -9.394878431445695746e-03 -2.638884269347132683e-04 9.999558323356867451e-01 5.962358016016048978e+00
9.999492361103013982e-01 7.365194474999739666e-04 1.004901694336991086e-02 -8.416582217384252496e-02 -7.332090186927307058e-04 9.999996757216598198e-01 -3.331082563163106610e-04 0.000000000000000000e+00 -1.004925902540026485e-02 3.257233165936182224e-04 9.999494518711238289e-01 7.153206761241797551e+00
9.999382396572027432e-01 3.679394321950754253e-04 1.110772217102152896e-02 -9.350538413781278591e-02 -3.644786213516591463e-04 9.999998844080895122e-01 -3.135907239609557300e-04 0.000000000000000000e+00 -1.110783626945164790e-02 3.095228292270838714e-04 9.999382581784882484e-01 8.346212553385512933e+00
9.999392615453304156e-01 -3.196319191930643453e-04 1.101685325378157915e-02 -9.723227691445909815e-02 3.033399012623288365e-04 9.999988581019212397e-01 1.480466060956013834e-03 0.000000000000000000e+00 -1.101731387786641751e-02 -1.477034288557094351e-03 9.999382166737237343e-01 9.537979628503991947e+00
9.999467848554721705e-01 -7.572745803428173684e-04 1.028853694237564891e-02 -1.144734541342829481e-01 7.351881029096092287e-04 9.999974178081780796e-01 2.150319843320004035e-03 0.000000000000000000e+00 -1.029013875795667908e-02 -2.142641403782444796e-03 9.999447595403242461e-01 1.072982389488031885e+01
9.999695299313822172e-01 -2.397975813013940999e-03 7.428924606642760275e-03 -1.107957685817446553e-01 2.384414175415680744e-03 9.999954757939524264e-01 1.833837688024373205e-03 0.000000000000000000e+00 -7.433288495078031223e-03 -1.816068177724087509e-03 9.999707236307087133e-01 1.192173916503805309e+01
9.999814170231972055e-01 -3.591970209188920411e-03 4.925785043556928262e-03 -1.274732916571430785e-01 3.583378561987129052e-03 9.999920450265051830e-01 1.751936582356832407e-03 0.000000000000000000e+00 -4.932038763079688547e-03 -1.734253073633993487e-03 9.999863335865729619e-01 1.311411367409329110e+01
9.999866127991263731e-01 -4.048029880154966134e-03 3.222991874045452038e-03 -1.401654813996908167e-01 4.042542971679350360e-03 9.999903717382289114e-01 1.707125408336761631e-03 0.000000000000000000e+00 -3.229871336898130097e-03 -1.694073471557879700e-03 9.999933490009923487e-01 1.430602274887540304e+01
9.999938645422963290e-01 -2.175047857062945619e-03 2.745914161684871995e-03 -1.627616790515372114e-01 2.170906562314747507e-03 9.999965031533331050e-01 1.510246934351509168e-03 0.000000000000000000e+00 -2.749189419002308083e-03 -1.504276545222255719e-03 9.999950895427510700e-01 1.549936456058113876e+01
9.999970524978580855e-01 -2.001953223151501510e-03 1.373746296844312277e-03 -1.871049592682438867e-01 1.998907126499074524e-03 9.999955486933644888e-01 2.215166755704700823e-03 0.000000000000000000e+00 -1.378174842104432649e-03 -2.212414235232840372e-03 9.999966029229084841e-01 1.669048609378845427e+01
9.999925717422495364e-01 -3.024393567093129620e-03 2.389456815510729998e-03 -2.333087375778032380e-01 3.017598506542152215e-03 9.999914077534731716e-01 2.842273470140562093e-03 0.000000000000000000e+00 -2.398032438307413396e-03 -2.835041935682371377e-03 9.999931059650603027e-01 1.788342235982607065e+01
9.999864406194773903e-01 -3.207110973397142833e-03 4.102805917041745659e-03 -2.808303416502320737e-01 3.190811067037173116e-03 9.999870158654680097e-01 3.973263797995030613e-03 0.000000000000000000e+00 -4.115495343584118886e-03 -3.960118644472841731e-03 9.999836899461905793e-01 1.907842968803839057e+01
9.999862740780073311e-01 -4.230748170544289082e-03 3.090699840040747604e-03 -2.890124236723994322e-01 4.221355134663624421e-03 9.999864711429296005e-01 3.039357158340064927e-03 0.000000000000000000e+00 -3.103516781141292015e-03 -3.026268498720907380e-03 9.999906048971475281e-01 2.027235140598858720e+01
9.999826938865543635e-01 -5.600949515164377335e-03 1.800358830261098754e-03 -2.930572325610895645e-01 5.596727486492068977e-03 9.999815964904592569e-01 2.341649382797456828e-03 0.000000000000000000e+00 -1.813441157315107393e-03 -2.331532740196278278e-03 9.999956376836103278e-01 2.146722861344568045e+01
9.999903130926496297e-01 -4.227957199440291608e-03 1.223968457275017305e-03 -2.975033132442197470e-01 4.224683807340872885e-03 9.999875254893134668e-01 2.664753738114433463e-03 0.000000000000000000e+00 -1.235219653618852692e-03 -2.659557045169276632e-03 9.999957004851224296e-01 2.266180446306811191e+01
9.999867545870678720e-01 -5.140958735642292034e-03 2.473736074489762157e-04 -2.999111464025017160e-01 5.140210670909867684e-03 9.999824813219381214e-01 2.935180313965414338e-03 0.000000000000000000e+00 -2.624589146658094286e-04 -2.933869883832965122e-03 9.999956617520012747e-01 2.385639596302527110e+01
9.999860558116314690e-01 -5.260858065027026499e-03 -4.599507760360139184e-04 -3.197406439602609174e-01 5.261822521443910820e-03 9.999839062585639260e-01 2.121425844335026942e-03 0.000000000000000000e+00 4.487828534449634092e-04 -2.123816442125098410e-03 9.999976439960598373e-01 2.505059209567855660e+01
9.999784648942718901e-01 -6.341373370569883781e-03 -1.690186815287063110e-03 -3.331435894406187259e-01 6.345906867949504919e-03 9.999762450091815857e-01 2.690517302928400155e-03 0.000000000000000000e+00 1.673085090137264776e-03 -2.701185130472639247e-03 9.999949521798459084e-01 2.624722528677614264e+01
9.999738374746404146e-01 -6.883014350523255186e-03 -2.224517856037772426e-03 -3.389552863968518515e-01 6.892803246531090111e-03 9.999664618815562456e-01 4.423163515320977651e-03 0.000000000000000000e+00 2.193998551944102357e-03 -4.438380958092969127e-03 9.999877434973015733e-01 2.744623739694048226e+01
9.999751866576853665e-01 -6.374348903994807129e-03 -2.998957315035348514e-03 -3.584603038461263158e-01 6.386121342479695456e-03 9.999718762522770144e-01 3.932449452583927987e-03 0.000000000000000000e+00 2.973806168258623026e-03 -3.951503580683830320e-03 9.999877709733884235e-01 2.864192823896670959e+01
9.999742787037096958e-01 -6.998212693358740397e-03 -1.570652760483302055e-03 -3.963646800847280272e-01 7.003691881145694860e-03 9.999693118075440035e-01 3.510518932838802529e-03 0.000000000000000000e+00 1.546037201833420525e-03 -3.521429005727418071e-03 9.999926046260184664e-01 2.983297840375473342e+01
9.999703062445896018e-01 -7.482658210020272545e-03 -1.842947425835887330e-03 -4.237407696350458108e-01 7.487471677574184144e-03 9.999685389946364467e-01 2.618928942569865876e-03 0.000000000000000000e+00 1.823292894703858538e-03 -2.632650193388155584e-03 9.999948723648434123e-01 3.103279706394239312e+01
9.999658959731960728e-01 -8.005044391239656346e-03 -2.031293877793273386e-03 -4.623169012904624342e-01 8.009363280707375993e-03 9.999656623431899538e-01 2.127024771744613022e-03 0.000000000000000000e+00 2.014197200202511810e-03 -2.143221602231458554e-03 9.999956747960476733e-01 3.223671823452556140e+01
9.999522181996753911e-01 -9.394077815237870943e-03 -2.704185561294177812e-03 -4.846249833782190208e-01 9.400927721284004640e-03 9.999526056350800385e-01 2.531608498609429648e-03 0.000000000000000000e+00 2.680275270903595755e-03 -2.556909386803845902e-03 9.999931391458943830e-01 3.342538054184089447e+01
9.999498557861775661e-01 -9.613770667668102010e-03 -2.803805762186603687e-03 -5.239333018080463145e-01 9.621116443727527681e-03 9.999502880316728515e-01 2.618316968612923682e-03 0.000000000000000000e+00 2.778494480612223039e-03 -2.645161416890112315e-03 9.999926415176763062e-01 3.461989254066163113e+01
9.999452940957673786e-01 -9.841213758626321181e-03 -3.543914147723611994e-03 -5.565202568226382818e-01 9.850311665068896272e-03 9.999482102181445065e-01 2.558953228892976717e-03 0.000000000000000000e+00 3.518547403459471468e-03 -2.593721897911550889e-03 9.999904461698050362e-01 3.581776977446189392e+01
9.999375421182428170e-01 -9.786784059992493373e-03 -5.397288234990119463e-03 -5.551168659946722483e-01 9.801795303703087284e-03 9.999481471438786961e-01 2.761853063551733198e-03 0.000000000000000000e+00 5.369978710641721761e-03 -2.814583678533572920e-03 9.999816205547796821e-01 3.701510703319116402e+01
9.999330584670736988e-01 -9.566784621050533968e-03 -6.508088559562977098e-03 -5.476299964597407532e-01 9.585144276601918756e-03 9.999501531977466051e-01 2.795734071127578459e-03 0.000000000000000000e+00 6.481017966443600870e-03 -2.857927888210965838e-03 9.999749140124986058e-01 3.821330647677134351e+01
9.999509409671247795e-01 -9.228039686206827852e-03 -3.599853123724610065e-03 -6.204192587457776353e-01 9.239115527572287073e-03 9.999525985876849266e-01 3.072347962231571777e-03 0.000000000000000000e+00 3.571330736677450976e-03 -3.105456694703723729e-03 9.999888008050319410e-01 3.941030190116174481e+01
9.999681257986167138e-01 -7.216553345235800568e-03 -3.415954422715223628e-03 -6.138519272681937089e-01 7.227674762404977596e-03 9.999685834692587649e-01 3.254656972620936783e-03 0.000000000000000000e+00 3.392359699615155478e-03 -3.279242640599186031e-03 9.999888691697381704e-01 4.060785328602924693e+01
9.999786227990894449e-01 -6.043183430569865934e-03 -2.496773690586880957e-03 -6.670222948494483051e-01 6.049554057706182236e-03 9.999784450694486626e-01 2.551919314356778171e-03 0.000000000000000000e+00 2.481298156287167073e-03 -2.566969128875364482e-03 9.999936268941668205e-01 4.180356856432759116e+01
9.999942557253779229e-01 -3.357007286521878232e-03 -4.679939393360905086e-04 -7.048035419891429676e-01 3.358674761465924464e-03 9.999878472253229678e-01 3.608975686705365692e-03 0.000000000000000000e+00 4.558728942344970675e-04 -3.610526795189908465e-03 9.999933781161577384e-01 4.300078526529447487e+01
9.999875972492487941e-01 -3.695586086433067896e-04 4.966766967600661983e-03 -7.944599278311070822e-01 3.427866303955409244e-04 9.999854151293906535e-01 5.389993118978708871e-03 0.000000000000000000e+00 -4.968686446304245233e-03 -5.388223726924117399e-03 9.999731392392827711e-01 4.419779452780266382e+01
9.999891341246192056e-01 5.779613277290367439e-05 4.661361636043448095e-03 -7.934041549312177422e-01 -9.445181315796616751e-05 9.999690746676608288e-01 7.863891349324390184e-03 0.000000000000000000e+00 -4.660762979376682769e-03 -7.864246175318683266e-03 9.999582145872611960e-01 4.539828291520366577e+01
9.999783960143553418e-01 6.967988843689287750e-04 6.536205005339057982e-03 -8.012932056627189992e-01 -7.657520818822305658e-04 9.999440238148802340e-01 1.055286030668767944e-02 0.000000000000000000e+00 -6.528485912228607427e-03 -1.055763743543488599e-02 9.999229546137416991e-01 4.659914708550853391e+01
9.999686283079275428e-01 1.651988178737570385e-03 7.746827416361366792e-03 -8.022226558556643239e-01 -1.760446022856438242e-03 9.999002432383981009e-01 1.401443547168186587e-02 0.000000000000000000e+00 -7.722902936214246991e-03 -1.402763368664192677e-02 9.998717829118843881e-01 4.780480938021281645e+01
9.999525717590532770e-01 2.778674638432405541e-03 9.334516576082370343e-03 -7.702009194641955547e-01 -2.912327850440802994e-03 9.998930041162243931e-01 1.433522465539699593e-02 0.000000000000000000e+00 -9.293684896045038488e-03 -1.436172993350229125e-02 9.998536733614420413e-01 4.900767811740363555e+01
9.999377491360726955e-01 1.101941563769061111e-03 1.110331380595443868e-02 -7.760732595927828381e-01 -1.243182834558635534e-03 9.999183020764563778e-01 1.272177931634795901e-02 0.000000000000000000e+00 -1.108838803087780316e-02 -1.273479082372444907e-02 9.998574262131335599e-01 5.020676369922170323e+01
9.999273617368532596e-01 1.827750561009123869e-03 1.191346204345800769e-02 -7.798372252272475214e-01 -1.961944980898921304e-03 9.999346551023639007e-01 1.126216219057852089e-02 0.000000000000000000e+00 -1.189209913623786620e-02 -1.128471768373835206e-02 9.998656075317979841e-01 5.140804173745721073e+01
9.999415190841773882e-01 3.241078024383713032e-03 1.031764628514157504e-02 -7.296544412393916046e-01 -3.339583148305895477e-03 9.999488747032142522e-01 9.544378668591060183e-03 0.000000000000000000e+00 -1.028618471645352701e-02 -9.578277142248929274e-03 9.999012206267999803e-01 5.260847629164667438e+01
9.999336971583782097e-01 1.185511353635267107e-03 1.145407569402900547e-02 -7.677275416335356262e-01 -1.294377070704263609e-03 9.999540190766350589e-01 9.501806169431267421e-03 0.000000000000000000e+00 -1.144228452595804323e-02 -9.516002065625474640e-03 9.998892537823942384e-01 5.381348542273302371e+01
9.999400216738830727e-01 1.005736447364724605e-03 1.090603268980442492e-02 -7.753201148183724856e-01 -1.110907697851407907e-03 9.999529012679336804e-01 9.641635230906418080e-03 0.000000000000000000e+00 -1.089582208552855765e-02 -9.653172537431720449e-03 9.998940430470830698e-01 5.501763513160003782e+01
9.999535514581353590e-01 -2.198275787162075996e-04 9.635694167916514230e-03 -7.836625709573535881e-01 1.208790204784029285e-04 9.999472719030121359e-01 1.026833978701100110e-02 0.000000000000000000e+00 -9.637443360372270965e-03 -1.026669808432724255e-02 9.999008523828349926e-01 5.622292255145075757e+01
9.999697104137573733e-01 7.019684259461174327e-04 7.751483429328065271e-03 -7.818238549430132078e-01 -7.954480282748509169e-04 9.999269219456499158e-01 1.206308545636387668e-02 0.000000000000000000e+00 -7.742449060890412710e-03 -1.206888597270609417e-02 9.998971929523137181e-01 5.743073754231935624e+01
9.999768611166031107e-01 -4.120692047984315649e-04 6.790245235441630042e-03 -8.034873429076332396e-01 3.251509551707555483e-04 9.999180673731267177e-01 1.279659398594643754e-02 0.000000000000000000e+00 -6.794961975119946131e-03 -1.279409003232575247e-02 9.998950643702569918e-01 5.863570497991508290e+01
9.999867323819222609e-01 -1.008567209950659351e-04 5.150231844175490702e-03 -8.078735449517007172e-01 3.412195541153314598e-05 9.999160660488778385e-01 1.295606780707963396e-02 0.000000000000000000e+00 -5.151106271383270804e-03 -1.295572017493842702e-02 9.999028029858345601e-01 5.984199934477865668e+01
9.999884102678758824e-01 9.763052237844947441e-04 4.714462645653037971e-03 -8.115321346043274930e-01 -1.036759923945920585e-03 9.999170536528579900e-01 1.283787143732287479e-02 0.000000000000000000e+00 -4.701537917250969180e-03 -1.284261041576541078e-02 9.999064770761915133e-01 6.104587674578208123e+01
9.999821629554972446e-01 8.539836050638181667e-04 5.911385865282696092e-03 -8.447112924089750230e-01 -9.319219030064137274e-04 9.999125176374146218e-01 1.319426366142018893e-02 0.000000000000000000e+00 -5.899601038432960784e-03 -1.319953726471663306e-02 9.998954779993671771e-01 6.224930962318254757e+01
9.999831138247955442e-01 2.520930580393205504e-03 5.236122064625228084e-03 -7.928988860934569338e-01 -2.580403756621725119e-03 9.999318852719213391e-01 1.138272080776424854e-02 0.000000000000000000e+00 -5.207070358621894608e-03 -1.139603990619166701e-02 9.999215052656558189e-01 6.345035628084819024e+01
9.999920307485917759e-01 -3.148890187276088192e-04 3.979859823391465774e-03 -8.074369695712614314e-01 2.626552736112327765e-04 9.999139177710973936e-01 1.311823386952998619e-02 0.000000000000000000e+00 -3.983648015977412325e-03 -1.311708399585498341e-02 9.999060319129634555e-01 6.465068475845454543e+01
9.999908008479430066e-01 -1.575374222153458868e-03 3.989538262766186352e-03 -8.364270668992396240e-01 1.517485435450353134e-03 9.998941259536984205e-01 1.447183890307927011e-02 0.000000000000000000e+00 -4.011914436162126486e-03 -1.446565170822432939e-02 9.998873183830321310e-01 6.585353800601092189e+01
9.999862381334065908e-01 -2.027914203907356947e-04 5.242367731992954479e-03 -8.679985420684419584e-01 1.358805908034036293e-04 9.999185699534495209e-01 1.276068174934557632e-02 0.000000000000000000e+00 -5.244528602522049651e-03 -1.275979380252104285e-02 9.999048367629050915e-01 6.705070357233901746e+01
9.999875016925937610e-01 9.915782008227212035e-04 4.900329710998395719e-03 -8.957127796834738476e-01 -1.049461945218355856e-03 9.999295457812903409e-01 1.182379394451762468e-02 0.000000000000000000e+00 -4.888260245771238605e-03 -1.182878887665689618e-02 9.999180889780315828e-01 6.824424232784609501e+01
9.999943551583159174e-01 1.948248012256396933e-03 2.737513686814473796e-03 -8.714803814242672031e-01 -1.980613457315406455e-03 9.999275829002102212e-01 1.187038860659486543e-02 0.000000000000000000e+00 -2.714188983005553450e-03 -1.187574355657811977e-02 9.999257971935421319e-01 6.943865519130648067e+01
9.999958756051369191e-01 1.660425537750180851e-03 2.343450393817611728e-03 -9.049633598286794811e-01 -1.688918860919419061e-03 9.999240342410847804e-01 1.220955773607173590e-02 0.000000000000000000e+00 -2.322999310360710726e-03 -1.221346527660418894e-02 9.999227144835438619e-01 7.062951057521090092e+01
9.999912128765341413e-01 4.016741520043921876e-03 1.199982199166775565e-03 -8.528188711666783162e-01 -4.029407509048293576e-03 9.999341404897682528e-01 1.074609501678939691e-02 0.000000000000000000e+00 -1.156738882894940571e-03 -1.075083580680969569e-02 9.999415390334622789e-01 7.181862685854326855e+01
9.999895936356439918e-01 4.015834024713223031e-03 2.164647201041538464e-03 -8.543345827677126803e-01 -4.039437466427428687e-03 9.999312040633789866e-01 1.101226976201122830e-02 0.000000000000000000e+00 -2.120274834510650803e-03 -1.102089912132512076e-02 9.999370201253583446e-01 7.300519832767959372e+01
9.999847615801137346e-01 4.784655609069578264e-03 2.753847901519711119e-03 -8.536213573256372644e-01 -4.817439312146625137e-03 9.999161068400590491e-01 1.202379142736523937e-02 0.000000000000000000e+00 -2.696087171422399068e-03 -1.203687469892323648e-02 9.999239194865997549e-01 7.419085089115654341e+01
9.999818141860032927e-01 3.033311469333162085e-03 5.212515592173866397e-03 -8.578647803067768196e-01 -3.083536501274465082e-03 9.999486389384678597e-01 9.654599305298827705e-03 0.000000000000000000e+00 -5.182962465035602199e-03 -9.670496710643504759e-03 9.999398073851507585e-01 7.536916963083710641e+01
9.999728360232981172e-01 -7.402957725122937980e-04 7.333428781353994869e-03 -8.589001823623116927e-01 7.122008580573155941e-04 9.999924006194296222e-01 3.832945776013777905e-03 0.000000000000000000e+00 -7.336210565392452601e-03 -3.827618783693370261e-03 9.999657640884430654e-01 7.654458940076553120e+01
9.999530518439584403e-01 2.136936121334570842e-04 9.687540606035684870e-03 -8.646724743191237517e-01 -2.458531364707030979e-04 9.999944631779783544e-01 3.318609590879586287e-03 0.000000000000000000e+00 -9.686777802177203717e-03 -3.320835500521282253e-03 9.999475678191265260e-01 7.772029756062900674e+01
9.999358786061336435e-01 5.328499928168170736e-05 1.132412631897643240e-02 -8.526056167751464576e-01 -1.349646738630283429e-04 9.999739822935717060e-01 7.212247948215562247e-03 0.000000000000000000e+00 -1.132344738655599592e-02 -7.213313845839551888e-03 9.999098697595908414e-01 7.889875677196938852e+01
9.998905263873900662e-01 -7.239502647980683252e-05 1.479628330723705212e-02 -8.565142276594505111e-01 -5.457204253689761395e-05 9.999631859690489843e-01 8.580427059043134810e-03 0.000000000000000000e+00 -1.479635977665001711e-02 -8.580295192097174908e-03 9.998537124358607420e-01 8.007274999720280562e+01
9.998242188959551857e-01 1.583480630329601134e-04 1.874849953954085477e-02 -8.489032023661179371e-01 -2.864904030808715536e-04 9.999766184138503267e-01 6.832316506440889829e-03 0.000000000000000000e+00 -1.874697928579933948e-02 -6.836486779492344061e-03 9.998008867850479708e-01 8.123896414338778982e+01
9.997976138338765528e-01 -8.123495381032040013e-04 2.010152880541562700e-02 -8.194110803707002066e-01 7.292473961822370067e-04 9.999911596829503813e-01 4.141105429428144913e-03 0.000000000000000000e+00 -2.010471512661111265e-02 -4.125608339436030725e-03 9.997893677097712262e-01 8.240337602586804167e+01
9.997138700337780959e-01 -2.219493382567072539e-03 2.381705085042860881e-02 -8.106307551806413159e-01 2.198980334450205930e-03 9.999971884714196069e-01 8.874315400112228530e-04 0.000000000000000000e+00 -2.381895353654045824e-02 -8.348043928098329179e-04 9.997159399319620610e-01 8.356253567179328456e+01
9.995594155947287174e-01 -2.377248818462423478e-03 2.958586459748362846e-02 -8.121708798446579669e-01 2.370526455622864494e-03 9.999971559006035626e-01 2.622880487002353118e-04 0.000000000000000000e+00 -2.958640397629846638e-02 -1.920384139354186091e-04 9.995622080796148223e-01 8.472233946538297289e+01
9.993926949325712128e-01 -1.976212795112193294e-03 3.478988212686878051e-02 -8.056211317187277343e-01 1.924115144594410777e-03 9.999969770421593962e-01 1.530910659361256042e-03 0.000000000000000000e+00 -3.479280236375569685e-02 -1.463041190481003360e-03 9.993934762715572795e-01 8.588221712261648122e+01
9.992266248975164578e-01 -1.028191127986002136e-03 3.930769541605536738e-02 -7.944782389324311911e-01 9.527527303976148550e-04 9.999976684764773083e-01 1.937860634406356674e-03 0.000000000000000000e+00 -3.930959626035114562e-02 -1.898911427106215501e-03 9.992252747890417730e-01 8.703677410167526318e+01
9.990828555818035417e-01 -2.008272223869995640e-03 4.277165562826688860e-02 -7.570071264654246734e-01 2.000131597079346513e-03 9.999979725620741222e-01 2.331208489763389273e-04 0.000000000000000000e+00 -4.277203708151662565e-02 -1.473581036093118794e-04 9.990848468120625547e-01 8.818943230805368216e+01
9.989101607261549054e-01 -1.966341392022663819e-03 4.663286716014867356e-02 -7.241154010562538268e-01 2.069142334101596592e-03 9.999955344891423570e-01 -2.156305120047854757e-03 0.000000000000000000e+00 -4.662841888856342903e-02 2.250445133643359623e-03 9.989097687222051603e-01 8.933917789165016643e+01
9.986760826388285661e-01 -1.702404781280771441e-03 5.141190312683158875e-02 -7.018718050300145617e-01 1.867987475098944767e-03 9.999932218668171613e-01 -3.172828897121815137e-03 0.000000000000000000e+00 -5.140615321102115498e-02 3.264665124972940778e-03 9.986724935501443134e-01 9.048985995126169257e+01
9.985221160784382155e-01 -2.795088778162738066e-03 5.427495905994543512e-02 -6.417046536936624745e-01 2.897868055226388625e-03 9.999941539218903941e-01 -1.815071010142304229e-03 0.000000000000000000e+00 -5.426956847968416459e-02 1.969670215938591849e-03 9.985243784386367283e-01 9.164236884416666840e+01
9.984446748815962724e-01 -2.917653815359319211e-03 5.567511559752155725e-02 -5.884371084559714138e-01 2.946316580465135199e-03 9.999955659646218020e-01 -4.327466884117400141e-04 0.000000000000000000e+00 -5.567360612706355460e-02 5.961101428217843029e-04 9.984488440743984894e-01 9.279694310596075013e+01
9.982717447900782970e-01 -3.870021137860901045e-03 5.863912081678556570e-02 -5.460774018805388819e-01 3.802393252361849999e-03 9.999919709773953391e-01 1.264826585518487789e-03 0.000000000000000000e+00 -5.864354490758143940e-02 -1.039671645064090075e-03 9.982784449859365417e-01 9.395317268575008995e+01
9.981435017804649590e-01 -5.293107250399033126e-03 6.067563653615018482e-02 -4.690921859271086625e-01 5.157608242312658811e-03 9.999838443894754070e-01 2.389568424876515815e-03 0.000000000000000000e+00 -6.068730452615376386e-02 -2.072191032243698300e-03 9.981546759363861820e-01 9.510743280057759819e+01
9.981132226327268375e-01 -7.825667577143268633e-03 6.089953803343248206e-02 -3.824671890551444298e-01 7.857098610534764965e-03 9.999690942535228722e-01 -2.766571997547907563e-04 0.000000000000000000e+00 -6.089549086047209292e-02 7.546288848766528803e-04 9.981438622403608907e-01 9.625837612746643401e+01
9.979904106260114593e-01 -8.691830261526976506e-03 6.276617230030033523e-02 -2.689567971917393718e-01 8.961295650115726208e-03 9.999517946501725874e-01 -4.012923642792444977e-03 0.000000000000000000e+00 -6.272826698385242095e-02 4.567325540890514353e-03 9.980201922098581591e-01 9.741224722021009086e+01
9.978468260876389717e-01 -8.878521273036107941e-03 6.498371739774783107e-02 -2.484434058267541157e-01 9.345240639536116223e-03 9.999326523977364323e-01 -6.881652869010821023e-03 0.000000000000000000e+00 -6.491824199880454060e-02 7.474123950313068740e-03 9.978625954142967824e-01 9.857280912452480948e+01
9.977951318226822019e-01 -9.083277462987386988e-03 6.574472588343246993e-02 -1.405457272367868771e-01 9.633369363620362252e-03 9.999211552125463198e-01 -8.054908634075890264e-03 0.000000000000000000e+00 -6.566637728443246169e-02 8.670491850502653336e-03 9.978039634444260120e-01 9.973714612868845109e+01
9.976774498865653706e-01 -8.244460171322947478e-03 6.761460540685054754e-02 -9.730201251678080587e-02 8.788808216261712047e-03 9.999312887513285286e-01 -7.757230577853435616e-03 0.000000000000000000e+00 -6.754600534434651582e-02 8.333465820634123125e-03 9.976813572025062804e-01 1.009126401305564968e+02
9.979452621849070892e-01 -7.923927068324846529e-03 6.358038268611997113e-02 7.108074932606331386e-02 8.328698862400651590e-03 9.999466868742016290e-01 -6.103784445723281320e-03 0.000000000000000000e+00 -6.352862707439159429e-02 6.620784629956554153e-03 9.979580546059657609e-01 1.020829998971766486e+02
9.979316838569572967e-01 -7.524313571358163394e-03 6.384151517388635122e-02 9.275215504181603954e-02 7.828121348363166823e-03 9.999591894752853927e-01 -4.509977835741784888e-03 0.000000000000000000e+00 -6.380497528071830959e-02 5.000408903624138646e-03 9.979498589810115172e-01 1.032686935457123951e+02
9.980879544212736265e-01 -5.613473611399450065e-03 6.155423749159015523e-02 1.915408790822148710e-01 5.848952233633413975e-03 9.999762478356609696e-01 -3.646028287700802794e-03 0.000000000000000000e+00 -6.153230856164684098e-02 3.999084710299681024e-03 9.980970806111756355e-01 1.044575379177171328e+02
9.982966952011455009e-01 -6.080612748543932564e-03 5.802356847930932593e-02 2.718558572393872663e-01 6.267771031769541097e-03 9.999757239336573011e-01 -3.044107364223805085e-03 0.000000000000000000e+00 -5.800364985726539496e-02 3.402600763216862521e-03 9.983105723727859759e-01 1.056542425060725350e+02
9.984737136619945552e-01 -5.669266141134726364e-03 5.493726010137713750e-02 3.168339986841671174e-01 5.841674132975662424e-03 9.999785023718212873e-01 -2.978193668432450956e-03 0.000000000000000000e+00 -5.491919490806085324e-02 3.294573663395410947e-03 9.984853668507238655e-01 1.068540587684887271e+02
9.986493450135196515e-01 -3.188556305023057535e-03 5.185864260427652112e-02 3.671181924219417136e-01 3.403704863077459345e-03 9.999859615830756221e-01 -4.060964167483694688e-03 0.000000000000000000e+00 -5.184496597813050001e-02 4.231990720005986834e-03 9.986461784622567839e-01 1.080588131018692479e+02
9.988293048686772702e-01 -3.408087364240524209e-03 4.825354573575790784e-02 3.752850248615803297e-01 3.585882033857610163e-03 9.999870960191169500e-01 -3.598505979694521795e-03 0.000000000000000000e+00 -4.824065905016694522e-02 3.767324748988091880e-03 9.988286369936730802e-01 1.092664987186595340e+02
9.990206194521010774e-01 -3.194674881416085729e-03 4.413157556605622200e-02 4.251141146882348454e-01 3.320695223092778436e-03 9.999906151689912370e-01 -2.782545088801113148e-03 0.000000000000000000e+00 -4.412227207177606830e-02 2.926367430437547181e-03 9.990218523540331796e-01 1.104793777687133058e+02
9.991895877047533014e-01 -2.400346878175133557e-03 4.017967343408895831e-02 4.529766930745550146e-01 2.488230715546214424e-03 9.999946200881683067e-01 -2.137405581455962579e-03 0.000000000000000000e+00 -4.017432675617386983e-02 2.235649699272434805e-03 9.991901847697002292e-01 1.116954836100275656e+02
9.993943594305716438e-01 -2.310938258090095530e-03 3.472137530001902922e-02 4.641692756636057737e-01 2.351180409366126090e-03 9.999966107655700043e-01 -1.118216459134919539e-03 0.000000000000000000e+00 -3.471867349194257546e-02 1.199175439273699037e-03 9.993964056815607400e-01 1.129124230439585261e+02
9.995471686365412500e-01 -1.706615107559186252e-03 3.004238897869632163e-02 5.114234826105672482e-01 1.742510083391179661e-03 9.999977989309178916e-01 -1.168671007337064582e-03 0.000000000000000000e+00 -3.004032838172626674e-02 1.220490962176108175e-03 9.995479423582073197e-01 1.141307467276770922e+02
9.996769356061293577e-01 -5.207634971687258264e-04 2.541167492547222531e-02 5.255852805197168687e-01 5.276192141921009094e-04 9.999998262029125007e-01 -2.630819324308773799e-04 0.000000000000000000e+00 -2.541153350553029128e-02 2.764046279814920079e-04 9.996770366300188337e-01 1.153513392275903868e+02
9.997922135712669078e-01 -2.162943268766227606e-04 2.038339763212818068e-02 5.563736225782200950e-01 2.322585334240708627e-04 9.999996681782773456e-01 -7.808324417490832437e-04 0.000000000000000000e+00 -2.038322197884700343e-02 7.854044134050051787e-04 9.997919320546978517e-01 1.165745190124322050e+02
9.999007933875596610e-01 1.613217075050314177e-03 1.399288796479248795e-02 5.573885809581695661e-01 -1.606762467472606058e-03 9.999985975244628511e-01 -4.725076450281821198e-04 0.000000000000000000e+00 -1.399363059751080642e-02 4.499775219522369704e-04 9.999019831078080900e-01 1.178005050795165118e+02
9.999400333281883713e-01 3.726423430493939516e-03 1.029774324965294745e-02 5.570861389565042732e-01 -3.715007114015686420e-03 9.999924636712573811e-01 -1.127529523221656050e-03 0.000000000000000000e+00 -1.030186729490874253e-02 1.089205719598257275e-03 9.999463411409312830e-01 1.190291908966759848e+02
9.999298067888695574e-01 5.911445763223845649e-03 1.026821815900441116e-02 5.337230187382416835e-01 -5.897091726396954010e-03 9.999815929292574790e-01 -1.427624540362752324e-03 0.000000000000000000e+00 -1.027646847622727504e-02 1.366971706461882945e-03 9.999462613480826212e-01 1.202608722658593763e+02
9.999096302352910026e-01 7.604016141079866439e-03 1.108649183688181425e-02 4.371374171044394852e-01 -7.600761332141576544e-03 9.999710574513456240e-01 -3.356885477224371772e-04 0.000000000000000000e+00 -1.108872354668792408e-02 2.513924331645269470e-04 9.999384866140249573e-01 1.214873624275654862e+02
9.999147578003911851e-01 9.201697875851653358e-03 9.263146829511889613e-03 4.244210886948448502e-01 -9.199679360522565463e-03 9.999576481240626258e-01 -2.604953922331822592e-04 0.000000000000000000e+00 -9.265151517764230044e-03 1.752552063320340068e-04 9.999570622046540791e-01 1.227287683917896004e+02
9.999027484719720249e-01 1.059646179880499063e-02 9.066895584516501336e-03 3.771316561314179139e-01 -1.060218578103890724e-02 9.999436250195304909e-01 5.834718999418441474e-04 0.000000000000000000e+00 -9.060201700756886911e-03 -6.795440678522894585e-04 9.999587246306708144e-01 1.239687356081645646e+02
9.999076841392317005e-01 1.047255142261230114e-02 8.657301312589146466e-03 3.541410613889841574e-01 -1.048111451391309235e-02 9.999446256979135361e-01 9.443391333318675593e-04 0.000000000000000000e+00 -8.646932280437114038e-03 -1.034990122290546785e-03 9.999620789597875037e-01 1.252100983310916149e+02
9.998724240386435147e-01 1.317534274977676806e-02 9.030281862225023395e-03 3.163890837629601549e-01 -1.320492992051190868e-02 9.999076113567155755e-01 3.224682417602133411e-03 0.000000000000000000e+00 -8.986961270624540046e-03 -3.343515264795726173e-03 9.999540266596212978e-01 1.264559904350562505e+02
9.998930509376626752e-01 1.360535983784396698e-02 5.364780540970484971e-03 4.225813164658787091e-01 -1.364110981376938890e-02 9.998846120202192767e-01 6.684517051946045618e-03 0.000000000000000000e+00 -5.273216249948247704e-03 -6.756983709601122046e-03 9.999632675061248532e-01 1.277018090215311048e+02
9.999133307126989445e-01 1.272585240116275163e-02 3.373980393795544298e-03 4.845548628986939832e-01 -1.274853529281596252e-02 9.998956877396122378e-01 6.788850242089524561e-03 0.000000000000000000e+00 -3.287234540120018145e-03 -6.831275165404817815e-03 9.999712634714504889e-01 1.289502187956995840e+02
9.999189708562580270e-01 1.259935923017056238e-02 1.818754724419962719e-03 5.104421993550698478e-01 -1.260881345668664506e-02 9.999065450363993079e-01 5.283844867036472347e-03 0.000000000000000000e+00 -1.752011693167376512e-03 -5.306349060654715760e-03 9.999843864354431844e-01 1.302003828996486732e+02
9.999505272443579562e-01 9.944663807134589487e-03 -2.161607962044884525e-04 5.093947040336349597e-01 -9.942849238225892269e-03 9.999246282306106792e-01 7.202611116386706085e-03 0.000000000000000000e+00 2.877720498685426131e-04 -7.200105529158905109e-03 9.999740374967803769e-01 1.314560913284271351e+02
9.999710059897606307e-01 7.185502718077977150e-03 -2.521057419152052635e-03 5.093678641304432153e-01 -7.161836958802196042e-03 9.999313487780098209e-01 9.273932410702668411e-03 0.000000000000000000e+00 2.587522212023654362e-03 -9.255608120011469750e-03 9.999538181571822060e-01 1.327141973684513516e+02
9.999801283212972347e-01 5.017074385428222164e-03 -3.817319364295877759e-03 5.250137362231782623e-01 -4.971451993920373083e-03 9.999172083956948676e-01 1.186848849791947817e-02 0.000000000000000000e+00 3.876548411937981616e-03 -1.184927503116414531e-02 9.999222805066612096e-01 1.339767071364681215e+02
9.999734677443420372e-01 2.017524270980555843e-03 -6.999528781718993009e-03 5.354693071133707072e-01 -1.928461749285168654e-03 9.999173958831388820e-01 1.270757433806829484e-02 0.000000000000000000e+00 7.024588431477682589e-03 -1.269373885393843861e-02 9.998947565375431168e-01 1.352402586061943452e+02
9.999718133809758491e-01 -2.539365439347788210e-03 -7.065696478275072107e-03 5.308158783241885281e-01 2.617374457378409455e-03 9.999354851759821861e-01 1.105327267448506789e-02 0.000000000000000000e+00 7.037172337488729196e-03 -1.107145469358492527e-02 9.999139468456554880e-01 1.365037039671426271e+02
9.999498294904635154e-01 -5.755188054001235398e-03 -8.198555509955815154e-03 5.449805958982905096e-01 5.838434269053823476e-03 9.999312773583974856e-01 1.016627983504245041e-02 0.000000000000000000e+00 8.139483231303392546e-03 -1.021363651504896518e-02 9.999147115838739053e-01 1.377706934488666093e+02
9.999368893101382438e-01 -7.247483389747561358e-03 -8.584368426016794965e-03 5.194089425740682220e-01 7.334225457381727750e-03 9.999219282496853989e-01 1.011664679457624505e-02 0.000000000000000000e+00 8.510377999744604335e-03 -1.017896801946344652e-02 9.999119771641683529e-01 1.390379412483869999e+02
9.999583143895450776e-01 -5.978966875166732975e-03 -6.900828813933135644e-03 4.880344575728454704e-01 6.050438165496709216e-03 9.999277908930923608e-01 1.038292818335363223e-02 0.000000000000000000e+00 6.838251327571859446e-03 -1.042424840268322238e-02 9.999222836620935695e-01 1.403116216097272684e+02
9.999587376839191855e-01 -6.496555814256210412e-03 -6.349621416208902150e-03 4.649117283084908681e-01 6.576321449158224058e-03 9.998986985763081980e-01 1.262317636718908453e-02 0.000000000000000000e+00 6.266971020696687940e-03 -1.266441265720926433e-02 9.999001638795094182e-01 1.415870664432488866e+02
9.999826553258782669e-01 -2.977264548141784432e-03 -5.081824791381642920e-03 4.376029282382997709e-01 3.049638433467330521e-03 9.998931866221565379e-01 1.429388162848297186e-02 0.000000000000000000e+00 5.038725317482043234e-03 -1.430913143396007371e-02 9.998849233810740422e-01 1.428612591468547066e+02
9.999853865612985393e-01 -3.040964651925603512e-03 -4.469809596560254256e-03 3.969243955884850794e-01 3.097780078031494525e-03 9.999137964190835115e-01 1.275944706321169471e-02 0.000000000000000000e+00 4.430623255469442329e-03 -1.277310709093488345e-02 9.999086044798328743e-01 1.441336364238579222e+02
9.999942553456627747e-01 -1.637252860429538014e-03 -2.967941835221436699e-03 3.558002611790033187e-01 1.670011663591719226e-03 9.999373435078287020e-01 1.106888068168774240e-02 0.000000000000000000e+00 2.949633317839018241e-03 -1.107377359227587101e-02 9.999343334448080878e-01 1.454042965057504375e+02
9.999976253056269693e-01 -1.973773502476057571e-03 -9.239054390346730216e-04 2.987399224520951302e-01 1.980957994756235487e-03 9.999672967756563224e-01 7.840993853141475095e-03 0.000000000000000000e+00 9.083988784471453597e-04 -7.842805451043195417e-03 9.999688321213464626e-01 1.466731927443711925e+02
9.999991112606078092e-01 -1.210667151244960906e-03 -5.583574449097901014e-04 3.210253355649195228e-01 1.213041505543381235e-03 9.999901399092588905e-01 4.271839716295017589e-03 0.000000000000000000e+00 5.531801634345587595e-04 -4.272513230498258853e-03 9.999907197681372484e-01 1.479404176137114462e+02
9.999987837085716480e-01 -1.362211998500516318e-03 -7.595787261480725638e-04 3.195549401402789647e-01 1.363044598304635107e-03 9.999984696830426234e-01 1.096695486913089237e-03 0.000000000000000000e+00 7.580836320006413814e-04 -1.097729492691292908e-03 9.999991101491855217e-01 1.492066891409323546e+02
9.999982658543186131e-01 -1.773117389245330031e-03 5.695112566532006208e-04 2.901916325313498302e-01 1.773345050275113889e-03 9.999983478253001712e-01 -3.994921753274523614e-04 0.000000000000000000e+00 -5.688019691984267734e-04 4.005014225180440909e-04 9.999997580314334833e-01 1.504722179469347623e+02
9.999982283554440521e-01 -1.866161868772171252e-03 2.464261472125257543e-04 2.995267513658135261e-01 1.866246870812839380e-03 9.999981989916365555e-01 -3.451609694454898765e-04 0.000000000000000000e+00 -2.457815771574342958e-04 3.456202499691573941e-04 9.999999100690232234e-01 1.517365198480789275e+02
9.999983787742551256e-01 -1.769166391869708092e-03 -3.354089035850108891e-04 2.964896231784548974e-01 1.769118244657048606e-03 9.999984247712649932e-01 -1.437901926964682694e-04 0.000000000000000000e+00 3.356627640154428971e-04 1.431965815694464389e-04 9.999999334126192796e-01 1.530056162536421027e+02
9.999993952135945996e-01 -1.011364002928003382e-03 -4.321056487777829723e-04 2.851566318403070954e-01 1.011737663771030294e-03 9.999991137323336332e-01 8.654024735064355916e-04 0.000000000000000000e+00 4.312300289065174822e-04 -8.658391276822977609e-04 9.999995321815215998e-01 1.542695442255251237e+02
9.999981746850051811e-01 -1.038013851323538097e-03 -1.604105325510336334e-03 2.880056619078221192e-01 1.039946113929223403e-03 9.999987341954059694e-01 1.204209142978161133e-03 0.000000000000000000e+00 1.602853309255893467e-03 -1.205875128016656436e-03 9.999979883611963549e-01 1.555349915611946017e+02
9.999943593169069445e-01 1.445946795753362763e-04 -3.355655932929095878e-03 3.329362674499840580e-01 -1.388804047389338540e-04 9.999985401667693674e-01 1.703049194229697095e-03 0.000000000000000000e+00 3.355897286083381423e-03 -1.702573553014674612e-03 9.999929195732821796e-01 1.567982116148175749e+02
