1.000000000000000000e+00 0.000000000000000000e+00 0.000000000000000000e+00 0.000000000000000000e+00 0.000000000000000000e+00 1.000000000000000000e+00 0.000000000000000000e+00 0.000000000000000000e+00 0.000000000000000000e+00 0.000000000000000000e+00 1.000000000000000000e+00 0.000000000000000000e+00
1.000000000000000000e+00 0.000000000000000000e+00 0.000000000000000000e+00 0.000000000000000000e+00 0.000000000000000000e+00 1.000000000000000000e+00 0.000000000000000000e+00 0.000000000000000000e+00 0.000000000000000000e+00 0.000000000000000000e+00 1.000000000000000000e+00 0.000000000000000000e+00
1.000000000000000000e+00 0.000000000000000000e+00 0.000000000000000000e+00 0.000000000000000000e+00 0.000000000000000000e+00 1.000000000000000000e+00 0.000000000000000000e+00 0.000000000000000000e+00 0.000000000000000000e+00 0.000000000000000000e+00 1.000000000000000000e+00 0.000000000000000000e+00
1.000000000000000000e+00 0.000000000000000000e+00 0.000000000000000000e+00 0.000000000000000000e+00 0.000000000000000000e+00 1.000000000000000000e+00 0.000000000000000000e+00 0.000000000000000000e+00 0.000000000000000000e+00 0.000000000000000000e+00 1.000000000000000000e+00 0.000000000000000000e+00
9.999573946924930068e-01 -2.666091677705711527e-04 -9.227010315022397824e-03 -3.813823323072846726e-03 2.560346966842659230e-04 9.999993091927983357e-01 -1.147196652709111218e-03 0.000000000000000000e+00 9.227309794082087790e-03 1.144785341255654537e-03 9.999567721759209382e-01 1.043646004114159032e-01
9.997923605130294433e-01 -1.049268683157422976e-04 -2.037706676970324135e-02 -1.917372421792520876e-02 5.388215988775305168e-05 9.999968596767130347e-01 -2.505540545407383864e-03 0.000000000000000000e+00 2.037726567764887309e-02 2.503922335884242300e-03 9.997892264954840735e-01 2.180331356410424304e-01
9.994499233718957543e-01 -5.387168205079098356e-04 -3.315962086783907914e-02 -4.025105250057248174e-02 4.059890998518946481e-04 9.999918803339591378e-01 -4.009294077893912726e-03 0.000000000000000000e+00 3.316151149694981232e-02 3.993626214298919008e-03 9.994420268854506961e-01 3.442537543110594234e-01
9.987945554651933566e-01 -7.342000304933113917e-04 -4.908051470188399407e-02 -6.368331154900727653e-02 5.443093790277941588e-04 9.999923160347631290e-01 -3.882215698463929981e-03 0.000000000000000000e+00 4.908298789179962179e-02 3.850820918287537614e-03 9.987872803945133660e-01 4.831483029460742484e-01
9.977255340048157839e-01 -2.298688576363758056e-03 -6.736820337246576806e-02 -8.060857288842693258e-02 2.029555713744434810e-03 9.999896859135947169e-01 -4.063123187203384820e-03 0.000000000000000000e+00 6.737684838585020208e-02 3.917154229600571143e-03 9.977199086939837480e-01 6.367189559254362585e-01
9.962971371290195721e-01 -2.525131709272221154e-03 -8.593973620142282555e-02 -1.300729092151027277e-01 2.182902808830866452e-03 9.999893107817873217e-01 -4.075936394525446656e-03 0.000000000000000000e+00 8.594910984906461993e-02 3.873245669441353466e-03 9.962919996086174734e-01 7.951264644746685040e-01
9.941274138650910697e-01 -3.033809571938402179e-03 -1.081733839786246931e-01 -1.597744490839870524e-01 2.585720200009799206e-03 9.999874876870501472e-01 -4.282349867509417131e-03 0.000000000000000000e+00 1.081850223134103450e-01 3.977495294995626179e-03 9.941228196144704654e-01 9.667619765754282835e-01
9.912781126202108162e-01 3.879539465695113214e-04 -1.317860118974978623e-01 -2.168180806640758462e-01 -1.089856896354194802e-03 9.999856037754738525e-01 -5.253994075524595804e-03 0.000000000000000000e+00 1.317820763687447549e-01 5.351797224813206397e-03 9.912642647722182954e-01 1.139257673261447668e+00
9.875801539956959862e-01 4.746596422887515432e-03 -1.570442907470213922e-01 -2.744072506349375939e-01 -5.839069810651835273e-03 9.999618539555892305e-01 -6.495836931943776114e-03 0.000000000000000000e+00 1.570074670121876792e-01 7.332152214615982738e-03 9.875701974271592354e-01 1.319049948297333685e+00
9.828875729723999255e-01 8.283587910384906591e-03 -1.840201104981610825e-01 -3.368268987646306223e-01 -9.716855680270468365e-03 9.999290648532490611e-01 -6.888249225651033383e-03 0.000000000000000000e+00 1.839499975866089876e-01 8.558471419407060951e-03 9.828983421264122500e-01 1.505760823191978570e+00
9.767207262123456246e-01 9.324971204500716315e-03 -2.143120806190410566e-01 -3.937383271358038672e-01 -1.107472622173532283e-02 9.999144140635383149e-01 -6.965270065398759293e-03 0.000000000000000000e+00 2.142287875761353377e-01 9.176571255407653047e-03 9.767404041574472284e-01 1.702538453342391733e+00
9.695421915678430480e-01 1.135910883750575716e-02 -2.446608048221880216e-01 -4.742010660640707531e-01 -1.327349201143769239e-02 9.998928225510408385e-01 -6.177201691249725214e-03 0.000000000000000000e+00 2.445644151949453171e-01 9.236560903810031586e-03 9.695890535495046425e-01 1.898650502203846901e+00
9.611741785164398255e-01 1.316989328986982975e-02 -2.756279239554287885e-01 -5.723820317973675742e-01 -1.518815175133577007e-02 9.998711883180241289e-01 -5.189105691784507562e-03 0.000000000000000000e+00 2.755240798907144795e-01 9.173913136477007332e-03 9.612503943916689275e-01 2.094109385692857650e+00
9.508703152533531933e-01 1.397396835306224418e-02 -3.092739429348278501e-01 -6.683868008243667447e-01 -1.618565314264393262e-02 9.998584845883786709e-01 -4.586439684153360147e-03 0.000000000000000000e+00 3.091660851424907208e-01 9.366910114762809492e-03 9.509619302540809338e-01 2.295479943816990165e+00
9.394710573886297933e-01 1.660926141354610724e-02 -3.422254589658481616e-01 -7.762088168759013751e-01 -1.916623019683972098e-02 9.998079411934985838e-01 -4.091008000368901235e-03 0.000000000000000000e+00 3.420917829313223080e-01 1.040255553765102349e-02 9.396089606262567617e-01 2.491995716971294961e+00
9.257841111839587578e-01 1.768616589458074997e-02 -3.776386884513764919e-01 -8.728195878001352437e-01 -2.051521387576622779e-02 9.997835198934666989e-01 -3.469776514681767628e-03 0.000000000000000000e+00 3.774955701448141632e-01 1.095960242799611309e-02 9.259465328169123044e-01 2.702469253575328967e+00
9.107478541106687198e-01 1.943865860210430146e-02 -4.125051330402584315e-01 -9.974380305187194873e-01 -2.244815388495133290e-02 9.997450048370044584e-01 -2.450651059373793513e-03 0.000000000000000000e+00 4.123523088573270434e-01 1.149190389831948080e-02 9.109519798127795331e-01 2.901004541942730608e+00
8.933078814845769600e-01 1.261653002886945797e-02 -4.492681293476822879e-01 -1.121285694813344058e+00 -1.763688719238781094e-02 9.998200156600095534e-01 -6.991172704233929343e-03 0.000000000000000000e+00 4.490990637795836959e-01 1.416896099395297155e-02 8.933696163719988537e-01 3.102306661745593441e+00
8.722139104752094640e-01 4.292010057984968138e-03 -4.891057891941208990e-01 -1.249506455897381851e+00 -1.198475803018203382e-02 9.998488125184993303e-01 -1.259832053504342242e-02 0.000000000000000000e+00 4.889777704032158834e-01 1.685024495394411154e-02 8.721334813527635843e-01 3.307352642816766775e+00
8.504670637107655251e-01 5.250575899858820651e-03 -5.260020959995374001e-01 -1.439390803597331292e+00 -1.176944501722572943e-02 9.998897963659194588e-01 -9.048496411310967547e-03 0.000000000000000000e+00 5.258966188398381814e-01 1.388620092173832067e-02 8.504351355140420399e-01 3.471976129361065144e+00
8.254244408398248023e-01 9.175563379150170756e-03 -5.644380404445963340e-01 -1.647990466655386621e+00 -1.452010005548397958e-02 9.998821774259633033e-01 -4.979755043387666495e-03 0.000000000000000000e+00 5.643258448437745711e-01 1.230610834458584907e-02 8.254604173058640582e-01 3.632561874030602489e+00
7.932285848770139758e-01 1.164261273668060030e-02 -6.088126655241921092e-01 -1.833451126380939877e+00 -1.691621005382683632e-02 9.998526478637425052e-01 -2.919657047753278310e-03 0.000000000000000000e+00 6.086889632410165119e-01 1.261475836175451372e-02 7.933086498331221037e-01 3.825641831321493935e+00
7.604875758357937388e-01 1.150292649058125977e-02 -6.492505908211007037e-01 -2.048963838404487703e+00 -1.798775418412420363e-02 9.998325771478615565e-01 -3.355349948378722434e-03 0.000000000000000000e+00 6.491032950916272304e-01 1.423026197991227038e-02 7.605671646509432060e-01 3.995859914316036932e+00
7.228710081366794826e-01 5.840880318740232675e-03 -6.909583125721556751e-01 -2.270412134961055983e+00 -1.406042638805334727e-02 9.998815669082324886e-01 -6.257520828781684696e-03 0.000000000000000000e+00 6.908399308126632610e-01 1.423854888107372804e-02 7.228675215560010914e-01 4.170585523509664050e+00
6.841112022366530043e-01 1.451233103862330318e-04 -7.293777086760627748e-01 -2.518803747515184099e+00 -1.102907036803738548e-02 9.998877064941166237e-01 -1.014563988867137750e-02 0.000000000000000000e+00 7.292943319271967262e-01 1.498510397556712496e-02 6.840359815665436605e-01 4.327754389032781646e+00
6.422188819664108594e-01 -3.108138146675453774e-03 -7.665150012381178879e-01 -2.782884738582731554e+00 -8.726442317681505287e-03 9.998973279022135285e-01 -1.136586373697400128e-02 0.000000000000000000e+00 7.664716282096081246e-01 1.398832124568586896e-02 6.421258210183108384e-01 4.478027849796923476e+00
5.951683663827380677e-01 -6.848680744876764655e-03 -8.035718457172046358e-01 -3.053928394654463752e+00 -6.166060944281137775e-03 9.998953257464630040e-01 -1.308882129160461247e-02 0.000000000000000000e+00 8.035773735924455208e-01 1.274492535980257038e-02 5.950638381953995415e-01 4.643140941468227645e+00
5.467596720298595336e-01 -7.803237976451074705e-03 -8.372532296258287099e-01 -3.351852938439108254e+00 -5.245764144021239361e-03 9.999050208331187184e-01 -1.274485273602482364e-02 0.000000000000000000e+00 8.372731591304861665e-01 1.136040447345716513e-02 5.466668073057439070e-01 4.777163292491763080e+00
4.950712812181164990e-01 -7.653287662426462579e-03 -8.688186540935949331e-01 -3.663637105605394684e+00 -4.811728105206018735e-03 9.999217195683052228e-01 -1.154997871005828021e-02 0.000000000000000000e+00 8.688390379038528621e-01 9.898581894261992628e-03 4.949957012851627369e-01 4.905774208240660350e+00
4.416877514876287880e-01 -9.118898530237893804e-03 -8.971224976977201226e-01 -3.998082411754871224e+00 -1.405862124806364155e-03 9.999400818897038468e-01 -1.085615871731118905e-02 0.000000000000000000e+00 8.971677400227271448e-01 6.056262874468833039e-03 4.416484664781571978e-01 5.020484802600415186e+00
3.879048190961909559e-01 -8.764919773454355606e-03 -9.216577605072905355e-01 -4.349734536200933199e+00 1.011954171984236309e-04 9.999551824601525807e-01 -9.466933535620199527e-03 0.000000000000000000e+00 9.216994309868254964e-01 3.579001598943466929e-03 3.878883211262195707e-01 5.122558934233426342e+00
3.342042816103277247e-01 -1.251858896450505632e-02 -9.424175205733713589e-01 -4.720544833171273602e+00 5.802341018197070509e-03 9.999201654729193978e-01 -1.122477257298240549e-02 0.000000000000000000e+00 9.424828014303668899e-01 -1.716860781895884367e-03 3.342502376917980134e-01 5.218271770129718767e+00
2.820100067841116998e-01 -1.540138098641319168e-02 -9.592878366461937700e-01 -5.104823968794280020e+00 9.260862689969732303e-03 9.998682596751877760e-01 -1.333040570821925064e-02 0.000000000000000000e+00 9.593667664120235639e-01 -5.124525131126974296e-03 2.821154847687710743e-01 5.298882956635264208e+00
2.328882011309284794e-01 -1.566461531475514535e-02 -9.723773473302630421e-01 -5.505420656554090186e+00 9.726314329487331309e-03 9.998577750791816099e-01 -1.377782360421656374e-02 0.000000000000000000e+00 9.724548753456705441e-01 -6.248955172320498630e-03 2.330074375973673617e-01 5.352033935808667486e+00
1.868225426842520243e-01 -1.164777566152801550e-02 -9.823246239747466246e-01 -5.924921439105582444e+00 9.437096577005647108e-03 9.999048497414272374e-01 -1.006144481505049683e-02 0.000000000000000000e+00 9.823483489848121586e-01 -7.390587642994045706e-03 1.869146876548359315e-01 5.390361862058785647e+00
1.454449839698032099e-01 -9.914928353053213336e-03 -9.893166585243450273e-01 -6.360797052567211729e+00 8.967731024359958114e-03 9.999219173324295218e-01 -8.702817848792405997e-03 0.000000000000000000e+00 9.893256978560183157e-01 -7.606144489053870764e-03 1.455225416480684097e-01 5.422660938048751156e+00
1.076337792721928643e-01 -7.973575677303477299e-03 -9.941586350530290384e-01 -6.810069188596385992e+00 6.700177547987650785e-03 9.999509467959931674e-01 -7.294629710876627052e-03 0.000000000000000000e+00 9.941680326687282188e-01 -5.875890801546273731e-03 1.076819238631926828e-01 5.452627596265168464e+00
7.364521824872917455e-02 -8.952312506040373263e-03 -9.972443220845581546e-01 -7.274567213766863993e+00 4.488349577928572171e-03 9.999525567895869438e-01 -8.645165587233098747e-03 0.000000000000000000e+00 9.972744038363575703e-01 -3.839306025650689701e-03 7.368190539120364480e-02 5.463905614861205073e+00
4.306545503948174675e-02 -8.234779667557708127e-03 -9.990383150740859142e-01 -7.752077903836290140e+00 1.886402577766480839e-03 9.999649183474269565e-01 -8.161100399709608419e-03 0.000000000000000000e+00 9.990704720226476487e-01 -1.533126950505973949e-03 4.307947834174410962e-02 5.462102343585835129e+00
1.681828022089798536e-02 -7.233258576232946130e-03 -9.998323986652863926e-01 -8.247475838531718395e+00 7.084986874813701737e-06 9.999738330782682594e-01 -7.234162602132196244e-03 0.000000000000000000e+00 9.998585626978512275e-01 1.145823743854627576e-04 1.681789138581951670e-02 5.450129815009791656e+00
-3.495470564019145712e-03 -6.781578839932027487e-03 -9.999708955134508637e-01 -8.757454602809042754e+00 -2.168116464804765737e-03 9.999747056023398084e-01 -6.774025871240032734e-03 0.000000000000000000e+00 9.999915404424827292e-01 2.144374954856279221e-03 -3.510085400935424212e-03 5.432045229377953532e+00
-2.003729512838086854e-02 -7.362782557239392657e-03 -9.997721221543195425e-01 -9.286477591155492206e+00 -2.826118123400274233e-03 9.999693055917968643e-01 -7.307594036863197980e-03 0.000000000000000000e+00 9.997952389666042716e-01 2.679049695296428692e-03 -2.005748818868711633e-02 5.407721884613784447e+00
-3.334939582917448991e-02 -8.998084479668370939e-03 -9.994032480803354268e-01 -9.831648927331515964e+00 -2.240894356567720881e-03 9.999576310394197032e-01 -8.928298746686998133e-03 0.000000000000000000e+00 9.994412419898982547e-01 1.941803729575033825e-03 -3.336814660666620469e-02 5.397696012219783235e+00
-4.291716434440643463e-02 -8.150023659151024724e-03 -9.990453914207241271e-01 -1.038968008365057116e+01 -1.046137682662777587e-03 9.999665451144410522e-01 -8.112598093926792070e-03 0.000000000000000000e+00 9.990780863378911913e-01 6.969693249993787285e-04 -4.292425460244779500e-02 5.360942047841518843e+00
-4.942139844203000121e-02 -5.593648038403361764e-03 -9.987623523529773895e-01 -1.096509775034949818e+01 4.602805671906168251e-04 9.999840833820745623e-01 -5.623266338101053259e-03 0.000000000000000000e+00 9.987779100069404947e-01 -7.376205882698267605e-04 -4.941803717302045013e-02 5.315877926991269931e+00
-5.306687555009959034e-02 -5.597215424168025359e-03 -9.985752740273724504e-01 -1.155427336693038320e+01 9.856736243229636141e-04 9.999835104905623329e-01 -5.657490121500521711e-03 0.000000000000000000e+00 9.985904742019398039e-01 -1.284494633712667151e-03 -5.306048347573971008e-02 5.283597890972130173e+00
-5.400125703301000141e-02 -8.007360491811757811e-03 -9.985087613119905114e-01 -1.216087362915157932e+01 1.147758824030548899e-03 9.999666884788925847e-01 -8.081125060052485320e-03 0.000000000000000000e+00 9.985402079478497006e-01 -1.582438153150665791e-03 -5.399026765033344138e-02 5.243638663267812916e+00
-5.387074996800798182e-02 -1.018803191257468786e-02 -9.984959420566660304e-01 -1.278432335418873045e+01 2.783059143442585120e-03 9.999425339216562181e-01 -1.035294335628748723e-02 0.000000000000000000e+00 9.985440385279392705e-01 -3.336594084209840941e-03 -5.383930033190045122e-02 5.243516763464958430e+00
-5.254076538671710594e-02 -9.433073634811226307e-03 -9.985742261316253865e-01 -1.342314249277716698e+01 5.301265662438714443e-03 9.999386596373476266e-01 -9.724893060473183831e-03 0.000000000000000000e+00 9.986047088587918230e-01 -5.804660581088679459e-03 -5.248753528776146232e-02 5.217562129559509820e+00
-5.032400982207326651e-02 -7.229687511551679754e-03 -9.987067766135907521e-01 -1.407650004677047306e+01 5.356906055137927898e-03 9.999574608012531396e-01 -7.508671348760054438e-03 0.000000000000000000e+00 9.987185777750119398e-01 -5.727844829653885687e-03 -5.028314032220902730e-02 5.169412655229089104e+00
-4.869370166729811156e-02 -5.073966464149575611e-03 -9.988008701849698801e-01 -1.474148264248754714e+01 3.203733511752928503e-03 9.999811592278982086e-01 -5.236151335727369169e-03 0.000000000000000000e+00 9.988086200616813626e-01 -3.454859410405856663e-03 -4.867652860396220332e-02 5.141891755100779449e+00
-4.745285066618074032e-02 -4.853897319261246159e-03 -9.988616854422154301e-01 -1.542520810161411049e+01 2.215412395831843802e-03 9.999852222158213122e-01 -4.964604504577040806e-03 0.000000000000000000e+00 9.988710221603028794e-01 -2.448475195822066332e-03 -4.744139603390443855e-02 5.131016817391621743e+00
-4.552061806847523817e-02 -4.665669338328699151e-03 -9.989525038060047546e-01 -1.612481757429232232e+01 4.783691360703275913e-03 9.999766094647528636e-01 -4.888437412796200685e-03 0.000000000000000000e+00 9.989519456048066015e-01 -5.001205154628785357e-03 -4.549723419474686198e-02 5.092799612532050268e+00
-4.325065898642902612e-02 -4.166943517647768609e-03 -9.990555625584379706e-01 -1.684016470202615423e+01 8.582216599322676706e-03 9.999528557709421728e-01 -4.542223439675536177e-03 0.000000000000000000e+00 9.990273900426760445e-01 -8.770565389663810899e-03 -4.321285835562795746e-02 5.040611346508761414e+00
-4.152132393748728112e-02 -3.931733030651566978e-03 -9.991298820142705539e-01 -1.757132780034963560e+01 1.069893942964733960e-02 9.999331740383694545e-01 -4.379515113525670258e-03 0.000000000000000000e+00 9.990803332833444461e-01 -1.087147335573876265e-02 -4.147648386153722500e-02 5.011524533304752005e+00
-3.966911635194834279e-02 -3.084076891862706782e-03 -9.992081112949279253e-01 -1.831172440971345594e+01 1.034920725547802331e-02 9.999403299488360819e-01 -3.497206169669572762e-03 0.000000000000000000e+00 9.991592741485404439e-01 -1.047974291359690321e-02 -3.963483154279899556e-02 4.964250016444506031e+00
-3.817287853990311564e-02 -2.164864183165741539e-03 -9.992688050304796565e-01 -1.906633974533520259e+01 7.379980545152332524e-03 9.999697703903518420e-01 -2.448304028732964464e-03 0.000000000000000000e+00 9.992438977702743363e-01 -7.468043152819701935e-03 -3.815574793312977164e-02 4.921417715764774492e+00
-3.678434090760326902e-02 -1.027046410594776920e-03 -9.993226993517462242e-01 -1.983334502020684909e+01 6.811924662467153634e-03 9.999759813230122418e-01 -1.278459802973019475e-03 0.000000000000000000e+00 9.993000099801787606e-01 -6.854338242706192567e-03 -3.677646123362568464e-02 4.899362445586567638e+00
-3.409816962884868602e-02 -2.737536487530484782e-03 -9.994147390958060262e-01 -2.061804737630566819e+01 8.669658880882426255e-03 9.999578125614830837e-01 -3.034816656562915223e-03 0.000000000000000000e+00 9.993808842692811778e-01 -8.768066561634259640e-03 -3.407299760689176671e-02 4.834154642746343100e+00
-3.362153020724636260e-02 -6.107157449910368720e-03 -9.994159771258420699e-01 -2.141190507460384040e+01 1.014943432817990744e-02 9.999276795098709369e-01 -6.451723244093536536e-03 0.000000000000000000e+00 9.993831005622120234e-01 -1.036042363431216584e-02 -3.355711448823186366e-02 4.820263072294472373e+00
-3.099039418355149095e-02 -6.675891824532516686e-03 -9.994973876587632811e-01 -2.221217198280985983e+01 1.198969321675833095e-02 9.999032651970258812e-01 -7.050354947785745716e-03 0.000000000000000000e+00 9.994477688828542483e-01 -1.220216032794541224e-02 -3.090735443895018669e-02 4.760522081776476178e+00
-3.068281177262977000e-02 -8.062269037873182401e-03 -9.994966557621305370e-01 -2.301466090177002144e+01 7.424339453859744344e-03 9.999380445798632389e-01 -8.293743754735488638e-03 0.000000000000000000e+00 9.995015979203828449e-01 -7.675077833892303067e-03 -3.062105378402843123e-02 4.740474606606082553e+00
-3.074567745736052002e-02 -9.933625097417884270e-03 -9.994778768987879758e-01 -2.382193733991444162e+01 5.068028455586821987e-04 9.999503301711897274e-01 -9.953910859590860138e-03 0.000000000000000000e+00 9.995271114224780762e-01 -8.125779648132194256e-04 -3.073911593535698372e-02 4.710441682568966115e+00
-3.110765183900369990e-02 -1.254831246442555254e-02 -9.994372685923592625e-01 -2.464400776686346006e+01 -4.523186794903061130e-03 9.999127191279786331e-01 -1.241349698138248525e-02 0.000000000000000000e+00 9.995058052749272726e-01 4.134486713429911219e-03 -3.116169509726059161e-02 4.691268340536240977e+00
-3.141436322576884183e-02 -1.393802415571093398e-02 -9.994092601460882186e-01 -2.547542473435888155e+01 -3.562353969362513743e-03 9.998979755399842739e-01 -1.383286467925025874e-02 0.000000000000000000e+00 9.995000987580319185e-01 3.125698909412540603e-03 -3.146081036799869279e-02 4.663893050113745886e+00
-3.135279153035284289e-02 -1.301889165869155734e-02 -9.994235893369889379e-01 -2.631997531354844710e+01 3.948011425972255267e-03 9.999057537312447952e-01 -1.314902509419985967e-02 0.000000000000000000e+00 9.995005831259097251e-01 -4.357994392694112054e-03 -3.129843791371257622e-02 4.625047863300233431e+00
-3.128062333181052396e-02 -1.197000899912137317e-02 -9.994389633632116965e-01 -2.716586370908029124e+01 1.124330647584583301e-02 9.998608074157611103e-01 -1.232695637165501061e-02 0.000000000000000000e+00 9.994474026498155750e-01 -1.162259344808326544e-02 -3.114168682131512877e-02 4.548732031981153945e+00
-3.135059839002053012e-02 -8.047014549069309020e-03 -9.994760555098015642e-01 -2.801359584728044183e+01 1.773816018794568961e-02 9.998056277993007113e-01 -8.606061467860750061e-03 0.000000000000000000e+00 9.993510382511909818e-01 -1.799867155344732003e-02 -3.120176547211063120e-02 4.505431147309362672e+00
-3.155176560048471995e-02 -6.959093798240145387e-03 -9.994778922522481457e-01 -2.886058663644352507e+01 1.799643978598155364e-02 9.998096991334789463e-01 -7.529520147236456150e-03 0.000000000000000000e+00 9.993400893802472096e-01 -1.822461336010671937e-02 -3.142052235964414020e-02 4.456884835437186609e+00
-3.193427562474728670e-02 -7.388561601389879822e-03 -9.994626612324160053e-01 -2.970275246763001675e+01 1.448093455576397216e-02 9.998642976934648541e-01 -7.854217487491760644e-03 0.000000000000000000e+00 9.993850632137311063e-01 -1.472397213429824103e-02 -3.182294879287503320e-02 4.417917199088513769e+00
-3.244823014865910737e-02 -7.673030072529851871e-03 -9.994439638967881345e-01 -3.054210485866203229e+01 1.114907440283754297e-02 9.999055355238719578e-01 -8.038542695887770234e-03 0.000000000000000000e+00 9.994112319261670985e-01 -1.140371159840782717e-02 -3.235961776042151072e-02 4.376241693692016987e+00
-3.266444008131175192e-02 -6.123912116397346207e-03 -9.994476134618381913e-01 -3.138674254278049958e+01 1.227361280859852466e-02 9.999033682179583327e-01 -6.527836931269124718e-03 0.000000000000000000e+00 9.993910109575724343e-01 -1.248006116841013369e-02 -3.258612113206530575e-02 4.348227739704177530e+00
-3.272291947255108469e-02 -6.372913700142940167e-03 -9.994441437680056106e-01 -3.222783714208800632e+01 1.465441998413110312e-02 9.998691169919958766e-01 -6.855425630145661406e-03 0.000000000000000000e+00 9.993570225480586933e-01 -1.487060377430163977e-02 -3.262524524453384867e-02 4.311734317766151570e+00
-3.253597766595180130e-02 -5.955251789310638498e-03 -9.994528228653142277e-01 -3.307017430500363986e+01 1.272645387494693477e-02 9.998987110710612081e-01 -6.372202931019105981e-03 0.000000000000000000e+00 9.993895374322712133e-01 -1.292681610262714706e-02 -3.245689289441022057e-02 4.254844999539593609e+00
-3.237098795851990618e-02 -5.591476488557550056e-03 -9.994602816166660020e-01 -3.390402375880551489e+01 7.699075668840648333e-03 9.999532872194912825e-01 -5.843595877030838617e-03 0.000000000000000000e+00 9.994462683768617905e-01 -7.884083307936958981e-03 -3.232642661907713516e-02 4.224578017536589236e+00
-3.205139609815846335e-02 -4.707551317278421341e-03 -9.994751357431318484e-01 -3.473891583077641343e+01 3.495440719676301024e-03 9.999822647911228435e-01 -4.822032495419090702e-03 0.000000000000000000e+00 9.994801098082609636e-01 -3.648158961289037824e-03 -3.203437269338799825e-02 4.166429663671403993e+00
-3.126174516640740919e-02 -5.685026819817348698e-03 -9.994950643996227679e-01 -3.557686627468370943e+01 4.511875742740292274e-03 9.999728332878520254e-01 -5.828864687313007296e-03 0.000000000000000000e+00 9.995010486569944064e-01 -4.691818018517249743e-03 -3.123524575296850875e-02 4.118338960580154584e+00
-3.061377470408028351e-02 -7.374792603915753149e-03 -9.995040816487027469e-01 -3.641521883268182336e+01 6.769777403747240761e-03 9.999483144106455779e-01 -7.585421623434007721e-03 0.000000000000000000e+00 9.995083626024697798e-01 -6.998638535513538629e-03 -3.056226670876351428e-02 4.068828425197663634e+00
-2.992534436096052491e-02 -6.780920974339074876e-03 -9.995291355811580791e-01 -3.725748149156951428e+01 1.072343412609603683e-02 9.999172628322197109e-01 -7.104607706076956214e-03 0.000000000000000000e+00 9.994946131547781665e-01 -1.093099267467188135e-02 -2.985015366333915177e-02 4.030160005306901994e+00
-2.895735729327362368e-02 -5.988283036324692013e-03 -9.995627103513146094e-01 -3.810046535043477434e+01 1.598168124713938293e-02 9.998514612789081157e-01 -6.453002629694653408e-03 0.000000000000000000e+00 9.994528789908522226e-01 -1.616155452612363583e-02 -2.885735317374938519e-02 3.990116813125644146e+00
-2.915931898669828562e-02 -5.458130299219554789e-03 -9.995598746097544840e-01 -3.893744950423949547e+01 1.937150551401510545e-02 9.997942037995072306e-01 -6.024518488829365415e-03 0.000000000000000000e+00 9.993870515923004572e-01 -1.953865047894785129e-02 -2.904758590845283109e-02 3.964244833506504140e+00
-2.863337896012474112e-02 -5.670633656609489447e-03 -9.995738959793105671e-01 -3.977168565559322388e+01 1.916540237847732045e-02 9.997969732466714943e-01 -6.220903347423977457e-03 0.000000000000000000e+00 9.994062322003979260e-01 -1.933536140648654117e-02 -2.851888564238627688e-02 3.920780196115678073e+00
-2.879359892169169877e-02 -5.338341938852663067e-03 -9.995711234156776648e-01 -4.060465002832290793e+01 1.499945224967794491e-02 9.998708417900025180e-01 -5.772016142853310383e-03 0.000000000000000000e+00 9.994728335944631503e-01 -1.515921645361686075e-02 -2.870980778698975153e-02 3.908004735478852965e+00
-2.846096493169615604e-02 -4.778867460319659137e-03 -9.995834812065245156e-01 -4.143357060071342346e+01 1.099748761866008867e-02 9.999265523659521815e-01 -5.093637168870566653e-03 0.000000000000000000e+00 9.995344059817216076e-01 -1.113787678722357073e-02 -2.840631900543160240e-02 3.871570173055154829e+00
-2.830359784056028435e-02 -1.299214457607841301e-03 -9.995985286058969299e-01 -4.226288065831525387e+01 8.270588696165677781e-03 9.999646216742715810e-01 -1.533871715552480568e-03 0.000000000000000000e+00 9.995651573118671251e-01 -8.310682379567458852e-03 -2.829185123824810855e-02 3.833319279757290587e+00
-2.839447772107378531e-02 1.690766538845455465e-03 -9.995953656072337212e-01 -4.309043849856951169e+01 6.453826676727077334e-03 9.999780366568331580e-01 1.508086589872233152e-03 0.000000000000000000e+00 9.995759609735385132e-01 -6.408393905410773340e-03 -2.840476599760659304e-02 3.774979716182863765e+00
-2.916702780327696740e-02 -1.360544714363469626e-03 -9.995736258061257429e-01 -4.391623715984962928e+01 4.366647430823434629e-03 9.999893582821161031e-01 -1.488527032367468637e-03 0.000000000000000000e+00 9.995650138331856338e-01 -4.408201514383801659e-03 -2.916077639691264795e-02 3.740407508526717884e+00
-3.045670020018717908e-02 -4.610153153072405093e-03 -9.995254553541008669e-01 -4.474198113519337738e+01 4.551753503505320516e-04 9.999891956628147449e-01 -4.626161802922877653e-03 0.000000000000000000e+00 9.995359834584821579e-01 -5.958569724338974799e-04 -3.045427270765059882e-02 3.715895235590120915e+00
-3.110606877540419979e-02 -7.899652065349807226e-03 -9.994848713125114026e-01 -4.556663077348525093e+01 -1.181864300646377720e-03 9.999683586816645597e-01 -7.866691316099384823e-03 0.000000000000000000e+00 9.995153904178332160e-01 9.365536473272777348e-04 -3.111442085514205813e-02 3.692419737877829178e+00
-3.235242190008887769e-02 -9.453850099480767127e-03 -9.994318113385708413e-01 -4.639011715527419000e+01 2.812835722074174399e-03 9.999504433166309658e-01 -9.549809739655515037e-03 0.000000000000000000e+00 9.994725652825086071e-01 -3.120196974473003152e-03 -3.232422649408835114e-02 3.641790590490494139e+00
-3.286574526301706822e-02 -1.133633113939823932e-02 -9.993954824715812757e-01 -4.721461777982940333e+01 7.967366139896158925e-03 9.999009283371306234e-01 -1.160407632373403747e-02 0.000000000000000000e+00 9.994280183510458881e-01 -8.343926343877301408e-03 -3.277216849811045996e-02 3.576971362591532255e+00
-3.469431665193402348e-02 -1.279182102544347208e-02 -9.993161029958982366e-01 -4.803269257215127652e+01 1.139583621291145356e-02 9.998480115134710244e-01 -1.319427108848193926e-02 0.000000000000000000e+00 9.993329972081694823e-01 -1.184580885380104483e-02 -3.454327001798284530e-02 3.541372905177090580e+00
-3.638597943988207406e-02 -1.304361850278569143e-02 -9.992526830169407015e-01 -4.884482231674159181e+01 1.064673595270412311e-02 9.998530075097975534e-01 -1.343913639916946567e-02 0.000000000000000000e+00 9.992810953449250411e-01 -1.112777560682206776e-02 -3.624175901208754463e-02 3.505179462606506480e+00
-3.740830236062319542e-02 -9.505835988130406297e-03 -9.992548513750950656e-01 -4.965038492304516637e+01 7.192540095665461534e-03 9.999262922455096625e-01 -9.781484708828336316e-03 0.000000000000000000e+00 9.992741797332040932e-01 -7.553089321826855773e-03 -3.733717397216824996e-02 3.468447797956685452e+00
-3.872531673612274183e-02 -5.559004954471476016e-03 -9.992344306055528369e-01 -5.044987240296777742e+01 4.174314775739604647e-03 9.999748999936711735e-01 -5.724899893406642376e-03 0.000000000000000000e+00 9.992411745618967611e-01 -4.392817609758866045e-03 -3.870113969390655273e-02 3.415900762367548360e+00
-4.027521139251177135e-02 -1.734529842446970102e-03 -9.991871189889879323e-01 -5.124986608114289055e+01 2.797585878693858996e-03 9.999943779019530021e-01 -1.848696223460718395e-03 0.000000000000000000e+00 9.991847080798119674e-01 -2.869768405456423182e-03 -4.027013246512989308e-02 3.381529610890374737e+00
-4.100921261559730552e-02 1.061944423722277774e-04 -9.991587627616498324e-01 -5.204582571519484446e+01 3.864150365329718957e-03 9.999925327746026493e-01 -5.231612478962851924e-05 0.000000000000000000e+00 9.991512962622837168e-01 -3.863045141232210669e-03 -4.100931674185551157e-02 3.320693771259754623e+00
-4.209003187234774956e-02 -4.806447024071749193e-04 -9.991137063406022589e-01 -5.284181941303342711e+01 5.188188894503087747e-03 9.999862965135701831e-01 -6.996292287777511982e-04 0.000000000000000000e+00 9.991003512725730173e-01 -5.213038052119856741e-03 -4.208696141665878993e-02 3.282196290014000706e+00
-4.173431438138226063e-02 2.237224970391152746e-03 -9.991262391847935964e-01 -5.363063602481177128e+01 4.715139529248517543e-03 9.999867983587583664e-01 2.042196711346942316e-03 0.000000000000000000e+00 9.991176179321104023e-01 -4.625789945509344372e-03 -4.174431224782888111e-02 3.236860563119835277e+00
-4.147153060619021558e-02 3.380513503191937257e-03 -9.991339671323540284e-01 -5.441535589825882369e+01 4.560650432736212609e-03 9.999844990077738638e-01 3.194090134911727313e-03 0.000000000000000000e+00 9.991292772293328683e-01 -4.424236952774391295e-03 -4.148630509668671529e-02 3.191938274047983803e+00
-4.157782165383124007e-02 2.490994592106710731e-03 -9.991321632759428972e-01 -5.519594446014966849e+01 6.172835631669166406e-03 9.999784474588575556e-01 2.236228527090135688e-03 0.000000000000000000e+00 9.991161998720595738e-01 -6.074501107339581180e-03 -4.159230204629474348e-02 3.135353712035217288e+00
-4.293480688175402293e-02 8.306570549662880849e-04 -9.990775307086453561e-01 -5.597337864792923057e+01 9.091154973465145894e-03 9.999585774834919283e-01 4.407021981871290985e-04 0.000000000000000000e+00 9.990365124755318238e-01 -9.063847198407349454e-03 -4.294058004602256673e-02 3.092254214168420390e+00
-4.281324300763975771e-02 1.505228559676687972e-03 -9.990819588553051522e-01 -5.674860788868566885e+01 1.371620071736130361e-02 9.999055064544520866e-01 9.186946903636262476e-04 0.000000000000000000e+00 9.989889349042103683e-01 -1.366427638172502783e-02 -4.282984344956054790e-02 3.044523741017524543e+00
-4.345789826178171611e-02 1.413750715446849410e-03 -9.990542589807546170e-01 -5.751526804274262616e+01 1.579578031536808466e-02 9.998749739920280710e-01 7.278108665179907830e-04 0.000000000000000000e+00 9.989303801581449482e-01 -1.574921246740135922e-02 -4.347479618996803741e-02 3.003386519684940303e+00
-4.535440855927258541e-02 1.059681064476085963e-03 -9.989703973092906031e-01 -5.827462261865295545e+01 1.543804070037156986e-02 9.998807616336509163e-01 3.597418957808969520e-04 0.000000000000000000e+00 9.988516629227640609e-01 -1.540582977120950881e-02 -4.536535997309099760e-02 2.988503850392673744e+00
-4.702410936064845698e-02 4.772943445719144730e-04 -9.988936406489669073e-01 -5.902510256547800793e+01 1.213899515429864122e-02 9.999263152965736090e-01 -9.366989294772234281e-05 0.000000000000000000e+00 9.988199927591961957e-01 -1.212996980678679969e-02 -4.702643827683125610e-02 2.964241263027895812e+00
-4.709130976950644948e-02 8.229531349922282989e-04 -9.988902498734938407e-01 -5.976084660595365250e+01 9.307686037903826690e-03 9.999566084234564611e-01 3.850335903842791278e-04 0.000000000000000000e+00 9.988472233153632418e-01 -9.279225096068838968e-03 -4.709692619273747605e-02 2.928469866236295349e+00
-4.635131556958888011e-02 1.375163569184754010e-03 -9.989242536199265388e-01 -6.048861600576181274e+01 6.570195450381543720e-03 9.999778416975984019e-01 1.071748825137409543e-03 0.000000000000000000e+00 9.989035929841834083e-01 -6.513450618403641285e-03 -4.635932359654659773e-02 2.871942084261845718e+00
-4.509484650887016222e-02 1.399155441504219485e-03 -9.989817301544570149e-01 -6.119953225171032329e+01 4.513775428217003775e-03 9.999890966781364021e-01 1.196810852351414250e-03 0.000000000000000000e+00 9.989725124595391081e-01 -4.455209185121456264e-03 -4.510067029869542499e-02 2.825535128477997926e+00
-4.184279211039933916e-02 3.570629125191464477e-03 -9.991178265630418220e-01 -6.189382488697003026e+01 5.181671371754954618e-03 9.999809412194294866e-01 3.356706672822893853e-03 0.000000000000000000e+00 9.991107701502370819e-01 -5.036646259424726151e-03 -4.186049646452220246e-02 2.751667236764872015e+00
-3.806988844592733984e-02 4.985005016659815706e-03 -9.992626448130136341e-01 -6.257626967199295365e+01 6.314865144234698205e-03 9.999687892652631138e-01 4.747944140636494240e-03 0.000000000000000000e+00 9.992551256170385532e-01 -6.129455141883431886e-03 -3.810017989116010195e-02 2.732007259972793811e+00
-3.204444676511953444e-02 5.940129658200792202e-03 -9.994687930551717781e-01 -6.324256220715260213e+01 8.557133660085099180e-03 9.999473197216161013e-01 5.668619326436292669e-03 0.000000000000000000e+00 9.994498130947042647e-01 -8.370940281018823120e-03 -3.209358913818567000e-02 2.693490217147421983e+00
-2.314181694920812438e-02 5.943549587210554715e-03 -9.997145245151709547e-01 -6.389313352368502308e+01 9.060504276539938992e-03 9.999425058989764858e-01 5.735168586766178737e-03 0.000000000000000000e+00 9.996911340861951434e-01 -8.925195503080522036e-03 -2.319433798769818603e-02 2.656394689520567898e+00
-1.469592145181259149e-02 5.364448695929660213e-03 -9.998776188028567491e-01 -6.452918443824492556e+01 1.095706897263154685e-02 9.999264295402180425e-01 5.203666636959727171e-03 0.000000000000000000e+00 9.998319721494256518e-01 -1.087925535725482555e-02 -1.475361890047470655e-02 2.634701753745814834e+00
-2.831620878086373114e-03 6.882517018535358466e-03 -9.999723060578687983e-01 -6.514944691460577531e+01 1.278135892259962478e-02 9.998948804787083366e-01 6.845791155808102907e-03 0.000000000000000000e+00 9.999143057218918829e-01 -1.276162027122098620e-02 -2.919291139758708586e-03 2.621002233573706874e+00
1.285391992915665797e-02 9.141624962439547433e-03 -9.998755959795700976e-01 -6.575127538140711181e+01 1.454293051424928283e-02 9.998507313461185708e-01 9.328354553561795867e-03 0.000000000000000000e+00 9.998116222141604226e-01 -1.466102723772653993e-02 1.271905522521699604e-02 2.608860038564252193e+00
3.167049165589024690e-02 9.483323417290140042e-03 -9.994533738675543955e-01 -6.633530723966593712e+01 1.562588780825439200e-02 9.998280805851023079e-01 9.982029037250109149e-03 0.000000000000000000e+00 9.993762112380285556e-01 -1.593348205696875144e-02 3.151686153572889199e-02 2.588841401909591777e+00
5.335944320916202049e-02 8.893119287952612820e-03 -9.985357691388619950e-01 -6.689596036294480541e+01 1.650460510865953828e-02 9.998158943817019306e-01 9.786488231803022395e-03 0.000000000000000000e+00 9.984389655009534570e-01 -1.700264011953049256e-02 5.320284201384784667e-02 2.619983484715972200e+00
7.876997457060827545e-02 6.679571656440817101e-03 -9.968704401418624350e-01 -6.743575094783841450e+01 1.681981886648944990e-02 9.998263038883685727e-01 8.028433608757179832e-03 0.000000000000000000e+00 9.967509141201943423e-01 -1.739957974774725483e-02 7.864394334694695121e-02 2.648368263934960609e+00
1.066700144742870893e-01 2.949329794926475005e-03 -9.942901032725882660e-01 -6.794417495910037985e+01 1.686503860087956372e-02 9.998463724731909696e-01 4.775136142582182310e-03 0.000000000000000000e+00 9.941514363943981802e-01 -1.727810481361058068e-02 1.066038864629426791e-01 2.738630496869365771e+00
1.400856286696788300e-01 -3.740988863119302696e-04 -9.901393218584149114e-01 -6.843632941798563252e+01 1.763499975034571801e-02 9.998422495804888399e-01 2.117247652204826223e-03 0.000000000000000000e+00 9.899823349050351773e-01 -1.775770266218908849e-02 1.400701273367577493e-01 2.805795205879090481e+00
1.761446863826180709e-01 -3.893022881371679955e-03 -9.843565887583686225e-01 -6.890386535126874890e+01 1.873118918195959201e-02 9.998243744333088490e-01 -6.023627309096684593e-04 0.000000000000000000e+00 9.841860555865431515e-01 -1.833206649221676143e-02 1.761866718203357607e-01 2.915344839827969103e+00
2.177425668587362473e-01 -6.023946685641584815e-03 -9.759876467681830592e-01 -6.935922070954258345e+01 1.906300127067174152e-02 9.998164446457689092e-01 -1.918071540624929948e-03 0.000000000000000000e+00 9.758200533706624658e-01 -1.818760792982741445e-02 2.178174335480708712e-01 2.993515808062445327e+00
2.617006057564900123e-01 -9.375186725235152077e-03 -9.651035689606329848e-01 -6.980546784836553798e+01 2.071796477001605630e-02 9.997769774347170513e-01 -4.094059999118774412e-03 0.000000000000000000e+00 9.649267116638827746e-01 -1.892356375937042853e-02 2.618364754043467912e-01 3.119039468475826915e+00
3.090744391887429998e-01 -1.472235077862274651e-02 -9.509238893979440332e-01 -7.022975298693951629e+01 2.118443576644409021e-02 9.997386590596385458e-01 -8.592628403475299770e-03 0.000000000000000000e+00 9.508018777439497526e-01 -1.748902424876670747e-02 3.093055500785675815e-01 3.266247928016118518e+00
3.588116671430344184e-01 -2.656419108232793355e-02 -9.330319026025724050e-01 -7.064463992657101699e+01 2.361288680841533427e-02 9.995333758217992415e-01 -1.937684687552388915e-02 0.000000000000000000e+00 9.331112576207666320e-01 -1.507893797341290296e-02 3.592714941809126428e-01 3.443094793930913777e+00
