1.000000000000000000e+00 0.000000000000000000e+00 0.000000000000000000e+00 0.000000000000000000e+00 0.000000000000000000e+00 1.000000000000000000e+00 0.000000000000000000e+00 0.000000000000000000e+00 0.000000000000000000e+00 0.000000000000000000e+00 1.000000000000000000e+00 0.000000000000000000e+00
9.999975645714110906e-01 1.949853137876902259e-03 -1.033887802158565961e-03 3.353788063884588500e-02 -1.946187529513327547e-03 9.999918591211606200e-01 3.534691712799770125e-03 0.000000000000000000e+00 1.040771515130801961e-03 -3.532670964763034993e-03 9.999932184922596390e-01 8.287376101050246691e-01
9.999870434790034679e-01 4.945368218592422274e-03 -1.206734148679226805e-03 5.476964314096422620e-02 -4.940911807565069591e-03 9.999810649257955264e-01 3.668402974052555054e-03 0.000000000000000000e+00 1.224852902559397461e-03 -3.662393077308644194e-03 9.999925432783559609e-01 1.670560619196632235e+00
9.999874016578165214e-01 4.738556765589084854e-03 1.656081347426387141e-03 -5.425831876894638556e-02 -4.744737171580987005e-03 9.999817192230259222e-01 3.748158071901810159e-03 0.000000000000000000e+00 -1.638290213182544029e-03 -3.755968522052158601e-03 9.999916043175757219e-01 2.444491270368404301e+00
9.999606846954645079e-01 7.325679555775147997e-03 4.996346908066166131e-03 -1.582670355120344152e-01 -7.344090438326567050e-03 9.999662731625676981e-01 3.676530021152754797e-03 0.000000000000000000e+00 -4.969245316273983304e-03 -3.713079100809480327e-03 9.999807596371933505e-01 3.242671812013253163e+00
9.999563279648652214e-01 7.640763283555633036e-03 5.381533189499940889e-03 -1.650150463434089942e-01 -7.657282990759414244e-03 9.999660134217948082e-01 3.055817160789727188e-03 0.000000000000000000e+00 -5.358001514037809103e-03 -3.096891629591536944e-03 9.999808503576509411e-01 3.990313264247648650e+00
9.999536403675249874e-01 7.545232581520565016e-03 5.982188648569957551e-03 -1.830639786018833370e-01 -7.570136034374873486e-03 9.999627292764968756e-01 4.151276709438817339e-03 0.000000000000000000e+00 -5.950643339787803181e-03 -4.196370239629256156e-03 9.999734898089326363e-01 4.745079484591103736e+00
9.999191478913004305e-01 7.767889532658938702e-03 1.006764980248398521e-02 -2.973681662572064122e-01 -7.845838118418227425e-03 9.999393721010699787e-01 7.726250470680757869e-03 0.000000000000000000e+00 -1.000702276187008868e-02 -7.804614937620262330e-03 9.999194704980597370e-01 5.450568006181404357e+00
9.999169053342727986e-01 7.998415769001152725e-03 1.010978594821625685e-02 -2.617559824362384324e-01 -8.109126738320928188e-03 9.999070807412910877e-01 1.095773457284952151e-02 0.000000000000000000e+00 -1.002120203739893280e-02 -1.103880557910861572e-02 9.998888539638361994e-01 6.123352471090338867e+00
9.998650303117410099e-01 6.434048132970287930e-03 1.511701638304611787e-02 -3.899498371243906858e-01 -6.664758808108306627e-03 9.998613292332194646e-01 1.526116948361316492e-02 0.000000000000000000e+00 -1.501672899576853709e-02 -1.535986095641586092e-02 9.997692596402775189e-01 6.753074123911508408e+00
9.998452172034946184e-01 4.648315517726350592e-03 1.696864161167895013e-02 -4.506667402069086670e-01 -4.938018386887716923e-03 9.998420850864191411e-01 1.707105340778847236e-02 0.000000000000000000e+00 -1.688661036764460208e-02 -1.715220256668080825e-02 9.997102801999210309e-01 7.372982938416177134e+00
9.997990874399546035e-01 6.474167746017400922e-03 1.897023737941658586e-02 -4.706930241439979956e-01 -6.795429950481584463e-03 9.998337569137787373e-01 1.691983059802696504e-02 0.000000000000000000e+00 -1.885754188708118478e-02 -1.704534211080086306e-02 9.996768725074641759e-01 7.984879719665445741e+00
9.997886193850367142e-01 6.821610407704124454e-03 1.939541645875654530e-02 -4.537080867341783397e-01 -7.088552331139986659e-03 9.998806418825730846e-01 1.372786998558273887e-02 0.000000000000000000e+00 -1.929945527759078377e-02 -1.386245360453425626e-02 9.997176418399609243e-01 8.546784713138547929e+00
9.997690714105669230e-01 6.585694227486144081e-03 2.045562226860125205e-02 -4.465078158761798255e-01 -6.815054595850817548e-03 9.999144655154811323e-01 1.116318430128490809e-02 0.000000000000000000e+00 -2.038035528908038393e-02 -1.130001258543230670e-02 9.997284385441188581e-01 9.059636439329628033e+00
9.997460541696798764e-01 4.843561405500366492e-03 2.200834126115202433e-02 -4.464201602578532491e-01 -5.057148373714927085e-03 9.999405574196454927e-01 9.659548520174357153e-03 0.000000000000000000e+00 -2.196024641215001127e-02 -9.768394965320956538e-03 9.997111212932069391e-01 9.544454376414812202e+00
9.997012117179818746e-01 8.623297667034346848e-04 2.442833758103325759e-02 -4.383156398251466523e-01 -1.052489244725179343e-03 9.999692390568892808e-01 7.772593284992830066e-03 0.000000000000000000e+00 -2.442088360377527370e-02 -7.795981487768025193e-03 9.996713675586867964e-01 1.001196846785471806e+01
9.996536693794427775e-01 -8.335751081914383664e-04 2.630297414277158602e-02 -4.286358735022762212e-01 6.695361113504481572e-04 9.999802774666564087e-01 6.244709689250953384e-03 0.000000000000000000e+00 -2.630766081604062404e-02 -6.224936164043665295e-03 9.996345117852540874e-01 1.045303381640521856e+01
9.996098388144720737e-01 3.610854913621208782e-03 2.769714555868109732e-02 -4.112910259148176428e-01 -3.713691755167464453e-03 9.999863977005098992e-01 3.662363649850153800e-03 0.000000000000000000e+00 -2.768354455003042489e-02 -3.763793398808740025e-03 9.996096514241944453e-01 1.088438071385662198e+01
9.994645893722124974e-01 7.963326111680976704e-03 3.173515445486502912e-02 -4.196227691645032509e-01 -8.055269175696237391e-03 9.999637180994933594e-01 2.770401260218927162e-03 0.000000000000000000e+00 -3.171194143445191238e-02 -3.024553169406286011e-03 9.994924736327859272e-01 1.125717071983455853e+01
9.993098620827868261e-01 8.146358792997699869e-03 3.624136286755672703e-02 -4.383668494582779185e-01 -8.299890082594801530e-03 9.999571994404182762e-01 4.087922686547069105e-03 0.000000000000000000e+00 -3.620651003202218776e-02 -4.385900784341830935e-03 9.993347049440509666e-01 1.160553661512480161e+01
9.992022667075661779e-01 4.251978218402265031e-03 3.970832265020575458e-02 -4.275481370471109210e-01 -4.442483925795966473e-03 9.999790369656416100e-01 4.710622659097198940e-03 0.000000000000000000e+00 -3.968746077833096297e-02 -4.883268423667035986e-03 9.992002097410075390e-01 1.193710507993794501e+01
9.991183023987106893e-01 -6.732897456356952068e-04 4.197814303703305272e-02 -4.071031217161624749e-01 4.676939716450499913e-04 9.999878496886283052e-01 4.907314689504184077e-03 0.000000000000000000e+00 -4.198093703418222244e-02 -4.883354997473627473e-03 9.991064776937960135e-01 1.224478210364847008e+01
9.989722772538763840e-01 -3.942791643205489048e-03 4.515355658488442309e-02 -4.162750594303881724e-01 3.658566257905535718e-03 9.999729832487828096e-01 6.375552169382020171e-03 0.000000000000000000e+00 -4.517747415629263380e-02 -6.203802590851886095e-03 9.989597132328583706e-01 1.253396988463562067e+01
9.988609270343467017e-01 -4.930378050270125753e-03 4.746092936688485475e-02 -4.134537323913429208e-01 4.552719578205926924e-03 9.999571370205407872e-01 8.062063391228313156e-03 0.000000000000000000e+00 -4.749864407042705267e-02 -7.836803810442841134e-03 9.988405595076277343e-01 1.275515074413719852e+01
9.987370979812106864e-01 -4.583581913069095792e-03 5.003198869640680668e-02 -4.066960329726361789e-01 4.242405766373631530e-03 9.999670349205330711e-01 6.923226527367674910e-03 0.000000000000000000e+00 -5.006207256381322440e-02 -6.702227173260254939e-03 9.987236199477494969e-01 1.297516559076622578e+01
9.986395516968116226e-01 -3.638733702089138461e-03 5.201735675558541439e-02 -3.873054548623202087e-01 3.365818717614618358e-03 9.999801136486896613e-01 5.333251495346126754e-03 0.000000000000000000e+00 -5.203572860211132245e-02 -5.150914889389329905e-03 9.986319397178586854e-01 1.318498817105977849e+01
9.985123343531236983e-01 -1.495937103157009545e-03 5.450578241673721680e-02 -3.814537130017356947e-01 1.252591184417002016e-03 9.999890972974899706e-01 4.498477684120549998e-03 0.000000000000000000e+00 -5.451191759608058768e-02 -4.423511990850990429e-03 9.985033216678191881e-01 1.339318667294787346e+01
9.983428344779002872e-01 1.463902534411075720e-03 5.752774840025725450e-02 -4.158980743117454137e-01 -1.671010976681249881e-03 9.999922947374135784e-01 3.552208906627970456e-03 0.000000000000000000e+00 -5.752210504622735227e-02 -3.642451807540474269e-03 9.983375881814146036e-01 1.359886492959362414e+01
9.982050789965382087e-01 2.503539393580373959e-03 5.983604729609794809e-02 -4.352636653965347713e-01 -2.608774631367952613e-03 9.999951848072673455e-01 1.680671651569232714e-03 0.000000000000000000e+00 -5.983155154630922373e-02 -1.833753740948640149e-03 9.982068036167565106e-01 1.379826139403366092e+01
9.980468510007932670e-01 2.419397263247865561e-03 6.242299035038340743e-02 -4.256741642322041108e-01 -2.363335299037883693e-03 9.999967350057679116e-01 -9.719177265526465900e-04 0.000000000000000000e+00 -6.242513799476644837e-02 8.224929698517544335e-04 9.980493102305375563e-01 1.399246687521629795e+01
9.980211840530153200e-01 7.269240225729011167e-04 6.287438081511470545e-02 -4.002516150435948550e-01 -6.234239759149457633e-04 9.999984183207206723e-01 -1.665742657738339275e-03 0.000000000000000000e+00 -6.287549223636151874e-02 1.623249063133274652e-03 9.980200586854539591e-01 1.418258462641687068e+01
9.981415144781020654e-01 -6.349801911275317111e-04 6.093532535006790374e-02 -3.358363578333757871e-01 8.184144701518233445e-04 9.999952087813277490e-01 -2.985399829484051016e-03 0.000000000000000000e+00 -6.093313772584390414e-02 3.029721859134396414e-03 9.981372518408188066e-01 1.436369402621751945e+01
9.980297884204548664e-01 -3.081004943529429209e-04 6.274110693563227092e-02 -3.330861006607530039e-01 5.792531270154384826e-04 9.999905715882146939e-01 -4.303626434573150535e-03 0.000000000000000000e+00 -6.273918943720716013e-02 4.331490362323201296e-03 9.980205570528124515e-01 1.455540016503901057e+01
9.979422247864357942e-01 1.778605112684902801e-04 6.411929782786054965e-02 -3.165066742025439694e-01 2.143299956979207073e-04 9.999813129763814867e-01 -6.109644890091582049e-03 0.000000000000000000e+00 -6.411918629359039667e-02 6.110815303101276193e-03 9.979235380956709145e-01 1.474544385588552764e+01
9.978938929146647929e-01 6.505164615842610109e-04 6.486412962453871889e-02 -2.988415381326845477e-01 -1.143334170873621432e-04 9.999657995854782655e-01 -8.269618325092641456e-03 0.000000000000000000e+00 -6.486729076726836796e-02 8.244785485759386842e-03 9.978598389056506646e-01 1.493541299216266971e+01
9.978186272223746878e-01 -3.211397497086917097e-05 6.601504477578355734e-02 -2.951671215599279141e-01 7.283976501901042160e-04 9.999443631800039034e-01 -1.052330658096866690e-02 0.000000000000000000e+00 -6.601103396341524709e-02 1.054843652995490592e-02 9.977631351587694652e-01 1.512581386117962090e+01
9.978430191895337753e-01 -1.107255965045964496e-03 6.563598890048134848e-02 -2.894348804240085005e-01 1.924957400179602056e-03 9.999213113577555267e-01 -1.239619423821459836e-02 0.000000000000000000e+00 -6.561709833361732691e-02 1.249580236767273284e-02 9.977666316977467087e-01 1.531606748247645733e+01
9.980008345806542502e-01 -1.541874330234564239e-03 6.318193412572375989e-02 -2.620886044781037816e-01 2.401023867200715711e-03 9.999056589926473837e-01 -1.352435576529922336e-02 0.000000000000000000e+00 -6.315512062142343563e-02 1.364901967274675075e-02 9.979103842536506397e-01 1.550298260985725740e+01
9.981752614357400910e-01 -1.408850623570823569e-03 6.036689985092789229e-02 -2.681644617583547885e-01 2.296555664844573096e-03 9.998902169023523578e-01 -1.463830506044796337e-02 0.000000000000000000e+00 -6.033964940045356135e-02 1.475022992651120642e-02 9.980689141674274900e-01 1.569266968373502635e+01
9.983876028046168027e-01 -9.411318402319230995e-04 5.675657527467315583e-02 -2.841244892708211234e-01 1.852784013237964008e-03 9.998700828770847870e-01 -1.601201295182132570e-02 0.000000000000000000e+00 -5.673413220849091165e-02 1.609135290236114041e-02 9.982596388737370319e-01 1.588163757238132767e+01
9.986881178867657027e-01 -9.395193346611392833e-04 5.119727038826157872e-02 -2.973199276758103915e-01 1.819216810441591026e-03 9.998514680919531328e-01 -1.713861734679859167e-02 0.000000000000000000e+00 -5.117356389763649815e-02 1.720927243619550448e-02 9.985414900244425906e-01 1.607069428745273143e+01
9.990306723461113148e-01 -2.304815084691376297e-03 4.395911212822323916e-02 -3.009558815430992129e-01 3.077943483918931921e-03 9.998416373766092491e-01 -1.752787585442173654e-02 0.000000000000000000e+00 -4.391175213523199061e-02 1.764618926237671026e-02 9.988795573185654808e-01 1.625987484850019982e+01
9.992988457228548782e-01 -2.514945620772888156e-03 3.735628441767652186e-02 -3.330723573719615027e-01 3.205736850199770657e-03 9.998247631516786749e-01 -1.844359617682950203e-02 0.000000000000000000e+00 -3.730335357869320884e-02 1.855041878802872468e-02 9.991317939964553529e-01 1.644345822849875560e+01
9.995864937840938103e-01 -2.611427875321268958e-03 2.863602432030167011e-02 -3.208271856596194294e-01 3.179527114713065136e-03 9.997986858478868921e-01 -1.981106721409619381e-02 0.000000000000000000e+00 -2.857852431018225239e-02 1.989392423044369224e-02 9.993935659823757200e-01 1.662957780807031938e+01
9.997761242924317893e-01 -3.831853884895414404e-03 2.080908913449923056e-02 -3.932057544379772285e-01 4.260739851298171212e-03 9.997786064612859125e-01 -2.060544001581159079e-02 0.000000000000000000e+00 -2.072552510124323066e-02 2.068948907369308129e-02 9.995711068509087749e-01 1.680488564410410035e+01
9.999504423600961145e-01 -5.300769261812290911e-03 8.427020177952531527e-03 -4.122780491127794877e-01 5.487640170433227653e-03 9.997360633145161435e-01 -2.230895590901059433e-02 0.000000000000000000e+00 -8.306541350432196033e-03 2.235409478425278221e-02 9.997156074690310978e-01 1.699605294708221592e+01
9.999541695631629645e-01 -6.118877060392576353e-03 -7.363295238092640825e-03 -4.341451655747537441e-01 5.939767965590009302e-03 9.996917764066584056e-01 -2.410542141119289758e-02 0.000000000000000000e+00 7.508523806880029391e-03 2.406058038402332164e-02 9.996823048057963401e-01 1.719569034604175073e+01
9.996337633674288181e-01 -6.297807473608660854e-03 -2.631875295098348375e-02 -4.606034863169254367e-01 5.637574484365024882e-03 9.996694162761167179e-01 -2.508537255249266087e-02 0.000000000000000000e+00 2.646803524636478708e-02 2.492781144002572530e-02 9.993388050741405237e-01 1.739484818610274530e+01
9.987981585919353256e-01 -7.085388738014408022e-03 -4.849779025676298483e-02 -4.883595104048581992e-01 5.885370361986139859e-03 9.996740655171276746e-01 -2.484200370653903353e-02 0.000000000000000000e+00 4.865799840786764335e-02 2.452672010042649883e-02 9.985143159675071711e-01 1.760651317075425126e+01
9.974065249974156666e-01 -6.507122837575939761e-03 -7.167901537378153221e-02 -5.256310053259630743e-01 4.829938111503690595e-03 9.997110618202887933e-01 -2.354707140994921621e-02 0.000000000000000000e+00 7.181152825568616616e-02 2.313979746071485877e-02 9.971497651722447397e-01 1.782116582587608633e+01
9.951832033552971968e-01 -5.672828833928786688e-03 -9.786833385987922518e-02 -5.767776743612536006e-01 3.535826843300201965e-03 9.997518255730427628e-01 -2.199511745587884662e-02 0.000000000000000000e+00 9.796881997871623171e-02 2.154312596594703047e-02 9.949562824745600276e-01 1.805703753568407421e+01
9.917875546756789173e-01 -5.629076031671452138e-03 -1.277722970501270761e-01 -6.331717875284931241e-01 3.103785654355623903e-03 9.997960714574042340e-01 -1.995449856419009155e-02 0.000000000000000000e+00 1.278585660213977793e-01 1.939404551314953540e-02 9.916027723305280706e-01 1.829420919847852289e+01
9.869438675539130568e-01 -6.144346804859155201e-03 -1.609473494657957249e-01 -6.948620626159524027e-01 3.467100241691907243e-03 9.998510067344424934e-01 -1.690986540545999506e-02 0.000000000000000000e+00 1.610272694720912279e-01 1.613106736884864847e-02 9.868181226304609810e-01 1.855745545713441302e+01
9.803242779408556373e-01 -7.013519689268723004e-03 -1.972691578055412731e-01 -7.876096051091121542e-01 4.771122899957569441e-03 9.999185200457054723e-01 -1.184017127725595607e-02 0.000000000000000000e+00 1.973361255979575180e-01 1.066601196181108172e-02 9.802778635278982522e-01 1.882718367113088931e+01
9.714800828513944220e-01 -7.620922109726552089e-03 -2.369986712394073214e-01 -8.824557057356194889e-01 6.152095431179510285e-03 9.999570169797213914e-01 -6.936563617375687656e-03 0.000000000000000000e+00 2.370413473317532493e-01 5.280694955185008185e-03 9.714852103433898600e-01 1.909337271932445645e+01
9.605725570224138421e-01 -5.437310060124422688e-03 -2.779762550196160364e-01 -1.012501525889566878e+00 5.035826168362355498e-03 9.999849910172986522e-01 -2.158285182760348760e-03 0.000000000000000000e+00 2.779838181445505318e-01 6.733494175770472203e-04 9.605855211538127936e-01 1.937670193640045468e+01
9.473034018981727478e-01 -4.448155519772761801e-03 -3.203068507925169728e-01 -1.138994372502774466e+00 4.901735749589413056e-03 9.999878004783587793e-01 6.098205389767861204e-04 0.000000000000000000e+00 3.203002306255635090e-01 -2.147744612487587166e-03 9.473136489327560472e-01 1.967908877722638650e+01
9.313744053819900115e-01 -4.863478659974362558e-03 -3.640303058464602892e-01 -1.277315086847635284e+00 7.123235199636616596e-03 9.999627937018519264e-01 4.865257677933052145e-03 0.000000000000000000e+00 3.639930995494752852e-01 -7.124449965154430048e-03 9.313743960905637165e-01 1.997509447204337363e+01
9.133462442210009691e-01 -4.596732132607791142e-03 -4.071578419005233984e-01 -1.441833250485389240e+00 9.952194300962384499e-03 9.998895692672989943e-01 1.103644413050200099e-02 0.000000000000000000e+00 4.070621475843541059e-01 -1.413220874990280852e-02 9.132911302973795165e-01 2.029181617614284150e+01
8.929299846439160415e-01 -1.989562740090884685e-03 -4.501911640224827149e-01 -1.632405414314574088e+00 1.077094716106566895e-02 9.997984046053561835e-01 1.694511274180476521e-02 0.000000000000000000e+00 4.500666941921701580e-01 -1.997978450039332096e-02 8.927714035464239251e-01 2.058667854095305572e+01
8.705054284915688667e-01 3.286314624027101509e-03 -4.921478427290926216e-01 -1.848969675546360936e+00 8.801342657846881329e-03 9.997138451035864071e-01 2.224329731889216483e-02 0.000000000000000000e+00 4.920801106874034270e-01 -2.369447286582544027e-02 8.702274051197684823e-01 2.084675143007672204e+01
8.435333112608045525e-01 6.372261404844458028e-03 -5.370390554493857938e-01 -2.065086472160909459e+00 8.253655652771280105e-03 9.996577249369219542e-01 2.482559450038649210e-02 0.000000000000000000e+00 5.370134355504950774e-01 -2.537375136869670506e-02 8.431919963921240546e-01 2.115297243240194902e+01
8.151894399373723621e-01 1.119106600832378388e-02 -5.790862949994484143e-01 -2.327135987025047648e+00 5.290964595637367984e-03 9.996277142593428255e-01 2.676637028594719414e-02 0.000000000000000000e+00 5.791702536458845918e-01 -2.488358748721769542e-02 8.148267449989166078e-01 2.142780760152058406e+01
7.820516360132131473e-01 1.532918931636818860e-02 -6.230250834147513794e-01 -2.585094788994869663e+00 4.425321865282020803e-03 9.995356523455277697e-01 3.014790567491425211e-02 0.000000000000000000e+00 6.231979261321743957e-01 -2.633430547969242350e-02 7.816206555737001960e-01 2.172164216245971957e+01
7.479392983172002962e-01 1.948506459696573712e-02 -6.634810760605189817e-01 -2.893693817733776541e+00 3.640935454650828362e-03 9.994335693137608168e-01 3.345570381513058439e-02 0.000000000000000000e+00 6.637571465692753137e-01 -2.743852740951473537e-02 7.474446986846666752e-01 2.197892657260227622e+01
7.116145256685325604e-01 2.151271526059856526e-02 -7.022406780724569364e-01 -3.216296249261221263e+00 4.724463605866376092e-03 9.993619721721903604e-01 3.540237308066183225e-02 0.000000000000000000e+00 7.025542301496615627e-01 -2.851055345344710376e-02 7.110588597581748438e-01 2.223220403487948360e+01
6.733391628746649982e-01 2.218170818394424662e-02 -7.390009090395532887e-01 -3.578182341263302479e+00 5.643895053471557378e-03 9.993664903606561678e-01 3.513921445969570012e-02 0.000000000000000000e+00 7.393121926411519995e-01 -2.783145282340357754e-02 6.727874047913439126e-01 2.250736242667675313e+01
6.308318834086653615e-01 2.035071464414123926e-02 -7.756526176636985292e-01 -3.957219875156002598e+00 8.884015033753141222e-03 9.994010244458151337e-01 3.344647385794295019e-02 0.000000000000000000e+00 7.758686803525151054e-01 -2.799001161347861727e-02 6.302732344768613437e-01 2.279469265218311946e+01
5.883715787537706632e-01 2.062583708230975033e-02 -8.083275698375308460e-01 -4.366325875784815125e+00 1.098437414371698610e-02 9.993784805250663927e-01 3.349621154809862000e-02 0.000000000000000000e+00 8.085160659130178340e-01 -2.858719132860147380e-02 5.877793324475425463e-01 2.304418613309694308e+01
5.451026676989685349e-01 2.419143967860708233e-02 -8.380202001823960911e-01 -4.817110820711570263e+00 1.054926952531632864e-02 9.993065396368693287e-01 3.570928102696860340e-02 0.000000000000000000e+00 8.383029253079979926e-01 -2.830572530879586768e-02 5.444694585877114523e-01 2.326486176213735746e+01
4.963772766738930864e-01 2.698135396565725860e-02 -8.676875046582084305e-01 -5.262819323676179550e+00 8.967557781032543460e-03 9.993041798360096095e-01 3.620413056156270709e-02 0.000000000000000000e+00 8.680605866581259100e-01 -2.575194556639653909e-02 4.957899305051430838e-01 2.349078884015379742e+01
4.455895394170879542e-01 2.602611855208165556e-02 -8.948589852681705370e-01 -5.773313825312714975e+00 1.023359006504909186e-02 9.993639373685748728e-01 3.416129859291613252e-02 0.000000000000000000e+00 8.951788849143195170e-01 -2.437953732716704319e-02 4.450397759338681203e-01 2.370426453981974646e+01
3.936166123238938330e-01 2.496108207478191579e-02 -9.189357468747840763e-01 -6.298623411570932085e+00 1.137112152183685290e-02 9.994226042967517820e-01 3.201805140898830032e-02 0.000000000000000000e+00 9.192043625320723832e-01 -2.305216697729108380e-02 3.931055042856253512e-01 2.389388401122028682e+01
3.416619419933845658e-01 2.597780738415459215e-02 -9.394638209728042311e-01 -6.858185423871483444e+00 1.084346961118973912e-02 9.994424107758420606e-01 3.157984656958467973e-02 0.000000000000000000e+00 9.397603612411499219e-01 -2.097667910034806474e-02 3.411897454112918227e-01 2.405670057266032558e+01
2.896796667928754343e-01 2.738819568177877639e-02 -9.567317165141260293e-01 -7.435781467340758510e+00 1.745009653901666291e-02 9.992732314040579933e-01 3.388957258605373307e-02 0.000000000000000000e+00 9.569645681933810488e-01 -2.651218090959152687e-02 2.889912100494936298e-01 2.419518683996737707e+01
2.400049925648523319e-01 2.890505279777303566e-02 -9.703412293964966961e-01 -8.042553304538365921e+00 2.241985343978855627e-02 9.991249710502242420e-01 3.530782343363252779e-02 0.000000000000000000e+00 9.705127272301379282e-01 -3.022896205032403125e-02 2.391469342008744614e-01 2.429741028888610899e+01
1.925129000841274141e-01 2.605344892918012509e-02 -9.809485211264119542e-01 -8.700783558239066906e+00 2.584777220499213934e-02 9.991660035653312510e-01 3.160996664530066336e-02 0.000000000000000000e+00 9.809539622088460087e-01 -3.144066026934916325e-02 1.916789213987559193e-01 2.439825173182060070e+01
1.499197019564448841e-01 2.904799918053244112e-02 -9.882713679495629400e-01 -9.363948652750904600e+00 2.601866701136205245e-02 9.991062214575174849e-01 3.331346892516071773e-02 0.000000000000000000e+00 9.883557618247790222e-01 -3.070784897193884824e-02 1.490299167257181923e-01 2.446971259143693445e+01
1.104468934384067319e-01 3.254340597261289048e-02 -9.933490879129595053e-01 -1.006733122017364934e+01 2.393041430310587775e-02 9.990869496548043793e-01 3.539212201512789008e-02 0.000000000000000000e+00 9.935938903803120947e-01 -2.768020515013406083e-02 1.095672726764700261e-01 2.451317326279377085e+01
7.612349460832996961e-02 3.783187040986173838e-02 -9.963804309348455179e-01 -1.076307105920207974e+01 1.903179455383224861e-02 9.990427698715679261e-01 3.938698723436289545e-02 0.000000000000000000e+00 9.969167489638605106e-01 -2.196118276938501326e-02 7.533061852058325902e-02 2.453422277342211189e+01
4.837011059111055028e-02 4.222043030012077869e-02 -9.979367553440837701e-01 -1.149037373112025229e+01 1.859033956315843047e-02 9.988951078806291850e-01 4.316205193299474385e-02 0.000000000000000000e+00 9.986564632927216190e-01 -2.063973636974219747e-02 4.753177470132480958e-02 2.453164432026440167e+01
2.812310454837608706e-02 4.517986616633790781e-02 -9.985829313000267327e-01 -1.224813965556086437e+01 2.263317989204550323e-02 9.986931753557077851e-01 4.582227259643347622e-02 0.000000000000000000e+00 9.993482026593796252e-01 -2.388977168411427626e-02 2.706378854383832688e-02 2.451415985125147046e+01
1.590409324054593496e-02 4.526125326161620221e-02 -9.988485764976515746e-01 -1.306260631004287021e+01 2.789964128214809241e-02 9.985658664696975828e-01 4.569267269424780176e-02 0.000000000000000000e+00 9.994842018934170236e-01 -2.859421750640879847e-02 1.461851191718229956e-02 2.450436513650886283e+01
9.474970422402556602e-03 4.754601130353403732e-02 -9.988241095130913072e-01 -1.384851647031175048e+01 3.014518159198989120e-02 9.984013697509835916e-01 4.781184901402678322e-02 0.000000000000000000e+00 9.995006217918415148e-01 -3.056275001497896562e-02 8.026540303358161918e-03 2.446454160846145953e+01
5.855702576658382459e-03 4.660796789295826997e-02 -9.988960947346945396e-01 -1.466705891592535949e+01 2.752759652859290695e-02 9.985271504896291450e-01 4.675212470481871635e-02 0.000000000000000000e+00 9.996038926378237877e-01 -2.777097520694299729e-02 4.564072672811714942e-03 2.445099513552955983e+01
4.927758684855301774e-03 3.733611964981736753e-02 -9.992906140677186855e-01 -1.548395112606920421e+01 2.367893924036357581e-02 9.990181937461767303e-01 3.744270824304064826e-02 0.000000000000000000e+00 9.997074697284160649e-01 -2.384665036470515892e-02 4.038840871903424598e-03 2.447321697402918161e+01
8.424412054196200525e-03 2.539154732148718105e-02 -9.996420852515973676e-01 -1.636228286699120460e+01 2.165602100221030932e-02 9.994384669090496942e-01 2.556887985101640240e-02 0.000000000000000000e+00 9.997299865643172190e-01 -2.186367277253197308e-02 7.869801585984464998e-03 2.447868953183386864e+01
1.565974440502476694e-02 2.436814412556426168e-02 -9.995803949443214931e-01 -1.722976064878782054e+01 2.221985952140797388e-02 9.994476199112788395e-01 2.471301067299585055e-02 0.000000000000000000e+00 9.996304568429351667e-01 -2.259753538663487535e-02 1.510963753475456396e-02 2.444065004591170620e+01
2.068873694723169857e-02 2.566739705219058323e-02 -9.994564327133489412e-01 -1.813307226705539676e+01 2.103802271050289607e-02 9.994378749745553847e-01 2.610240729843448654e-02 0.000000000000000000e+00 9.995645940928270523e-01 -2.156661296786917259e-02 2.013711600834646245e-02 2.445442612673378946e+01
2.357768359617026105e-02 2.355340238474845291e-02 -9.994445107520180116e-01 -1.902900564672681583e+01 1.494167230628311652e-02 9.996024594578282185e-01 2.390961050599641619e-02 0.000000000000000000e+00 9.996103437164542971e-01 -1.549710559938894706e-02 2.321638329092060374e-02 2.447499588586075348e+01
2.590609438619919866e-02 2.582842323768272039e-02 -9.993306594049375935e-01 -1.997692137747878505e+01 4.011625485208877850e-03 9.996554311938063986e-01 2.594081235596994162e-02 0.000000000000000000e+00 9.996563315132941385e-01 -4.680965474768672765e-03 2.579355399328170720e-02 2.448399987902825004e+01
2.674669556463422915e-02 3.370009194134108987e-02 -9.990740303298432101e-01 -2.091578495523435066e+01 -4.385938459005816678e-03 9.994259203093082133e-01 3.359454357069226182e-02 0.000000000000000000e+00 9.996326214265939258e-01 3.483334183498665304e-03 2.687914735923643827e-02 2.450130926272668930e+01
2.564023252268669492e-02 4.082918708270581037e-02 -9.988371018130768331e-01 -2.187724057450876103e+01 -7.576094030419222927e-03 9.991448347664361185e-01 4.064728722546975814e-02 0.000000000000000000e+00 9.996425267441468865e-01 6.525077908529051257e-03 2.592763164777845547e-02 2.450018646904074160e+01
2.327121217760391367e-02 5.013878092270161735e-02 -9.984711079101736830e-01 -2.286019029839883743e+01 -1.544042703726584195e-03 9.987421898132865516e-01 5.011640668569814633e-02 0.000000000000000000e+00 9.997279963149533488e-01 3.754124954877438689e-04 2.331935782872861240e-02 2.449108435915199422e+01
1.943430773836571368e-02 5.613321632733464517e-02 -9.982341256977135258e-01 -2.386515558709476181e+01 6.417139268960237418e-03 9.983951232859250569e-01 5.626720290259297486e-02 0.000000000000000000e+00 9.997905420668524723e-01 -7.499321544417861252e-03 1.904290340363640199e-02 2.446802783911288515e+01
1.499782522748667815e-02 5.852602403999098563e-02 -9.981732163049235051e-01 -2.490064846979151980e+01 1.545027931255275010e-02 9.981527475865529242e-01 5.875696856182890254e-02 0.000000000000000000e+00 9.997681501766332302e-01 -1.630328173960831142e-02 1.406587704016896458e-02 2.445325547016421552e+01
1.154150080801344749e-02 5.747642408094678218e-02 -9.982801482719992903e-01 -2.594855269495313266e+01 2.667536726042854522e-02 9.979736357335632357e-01 5.776718066731807710e-02 0.000000000000000000e+00 9.995775200256442616e-01 -2.729620954630009033e-02 9.984908802020794200e-03 2.447848693045568069e+01
1.081514530297528025e-02 5.569257931205544992e-02 -9.983893875846463484e-01 -2.700116476556995693e+01 3.431013230308166406e-02 9.978391931790484559e-01 5.603355581370249305e-02 0.000000000000000000e+00 9.993527142372796712e-01 -3.486088302599038569e-02 8.880956098739595239e-03 2.445890161984384292e+01
9.440872300989354426e-03 5.489636267133937014e-02 -9.984474244023328060e-01 -2.804707238775819889e+01 3.517175372978793846e-02 9.978558535999996204e-01 5.519640546071544196e-02 0.000000000000000000e+00 9.993366888440377016e-01 -3.563824913864908905e-02 7.489828340095885072e-03 2.445829800693627121e+01
8.248328998940318568e-03 5.716019464272434347e-02 -9.983309457374993645e-01 -2.909612453084945116e+01 3.236635759097841736e-02 9.978265404262733895e-01 5.739872923004215449e-02 0.000000000000000000e+00 9.994420363207739966e-01 -3.278577998669097299e-02 6.380334289535056179e-03 2.444712364450952791e+01
5.212398140068383139e-03 5.671520327768658776e-02 -9.983767909075204061e-01 -3.022555238596828175e+01 2.765304993000166842e-02 9.980003650784916580e-01 5.683819255361642619e-02 0.000000000000000000e+00 9.996039914562143691e-01 -2.790442653707277121e-02 3.633626898695745903e-03 2.442891901648037489e+01
4.811476332788687093e-04 5.656217093071255753e-02 -9.983989629985392522e-01 -3.137896306678205249e+01 2.281173348713234211e-02 9.981386528328810570e-01 5.655841702407128635e-02 0.000000000000000000e+00 9.997396627683950987e-01 -2.280242400624613031e-02 -8.100291182291978953e-04 2.441870387161036504e+01
-4.741436488732619393e-03 5.821192242701225122e-02 -9.982929884895384021e-01 -3.247341139539724253e+01 1.815249907925007428e-02 9.981447259821584206e-01 5.811706093028000397e-02 0.000000000000000000e+00 9.998239872883618595e-01 -1.784595420106651828e-02 -5.789331693064391458e-03 2.439569013459483671e+01
-1.217736972048726052e-02 5.928626323750225968e-02 -9.981667449169115969e-01 -3.360687726301300415e+01 1.640587740956115162e-02 9.981182387602908213e-01 5.908323485111460771e-02 0.000000000000000000e+00 9.997912576398686468e-01 -1.565632285634431520e-02 -1.312709798488993773e-02 2.439485709795140522e+01
-1.785158616341545046e-02 6.009324727902565916e-02 -9.980331269566700136e-01 -3.471605680157276197e+01 1.861846702957566449e-02 9.980390901696346573e-01 5.976058214938091001e-02 0.000000000000000000e+00 9.996672814276337249e-01 -1.751502568725273740e-02 -1.893542495578351414e-02 2.435689579475511479e+01
-2.378430566250131287e-02 6.276434126538724123e-02 -9.977449294632728671e-01 -3.586666538251064651e+01 2.326671342761605851e-02 9.977916848407472061e-01 6.221264910720861879e-02 0.000000000000000000e+00 9.994463301500620123e-01 -2.173456068524046159e-02 -2.519210236144821605e-02 2.430351343369719785e+01
-2.978628986651795860e-02 6.412333421209302775e-02 -9.974973558589057543e-01 -3.699195026097685002e+01 2.632972052083099382e-02 9.976442058338832464e-01 6.334654200011069491e-02 0.000000000000000000e+00 9.992094488911119621e-01 -2.437696813797739920e-02 -3.140446896728727594e-02 2.425571433229045937e+01
-3.425302951782117911e-02 6.948855597972401765e-02 -9.969945188197876229e-01 -3.813658880319621858e+01 3.004274421376060267e-02 9.972006756457082455e-01 6.847076757161561777e-02 0.000000000000000000e+00 9.989615425475371069e-01 -2.760712008868720924e-02 -3.624477109116499424e-02 2.419177316115703391e+01
-3.701178882039395796e-02 7.327231944048934187e-02 -9.966249518711244315e-01 -3.925804176855693584e+01 3.197273722150616171e-02 9.968845235410107586e-01 7.210402761963594087e-02 0.000000000000000000e+00 9.988032196398227702e-01 -2.919612865121532647e-02 -3.923919607869887083e-02 2.413665754282935083e+01
-3.902506789676738613e-02 7.638292779749543404e-02 -9.963145549557784753e-01 -4.039690467931061590e+01 3.386566030901249497e-02 9.966023963249778239e-01 7.507849686257267452e-02 0.000000000000000000e+00 9.986641883673832432e-01 -3.081090684140970828e-02 -4.147923446886007948e-02 2.407491321345688462e+01
-4.011723472936259971e-02 7.796472324941690346e-02 -9.961486382093320824e-01 -4.151097873725505849e+01 3.358018795056028766e-02 9.964932424878746309e-01 7.663934141942629896e-02 0.000000000000000000e+00 9.986305515328833815e-01 -3.037630004853867152e-02 -4.259462337533748144e-02 2.400803132267024154e+01
-4.162870344088039076e-02 7.868984976059666125e-02 -9.960295972482348104e-01 -4.262028780432419239e+01 3.270403248296060300e-02 9.964668868975636862e-01 7.735754375643455472e-02 0.000000000000000000e+00 9.985977655238276185e-01 -2.935389005444642013e-02 -4.405509992596474272e-02 2.395122969665301227e+01
-4.244124046836866837e-02 7.980447557180009310e-02 -9.959066154947516791e-01 -4.373150143589815286e+01 3.231330150463741779e-02 9.963929324718053815e-01 7.846639195288745983e-02 0.000000000000000000e+00 9.985762823406998390e-01 -2.885081972738866643e-02 -4.486689812858886406e-02 2.388357979344387871e+01
-4.430785480590750114e-02 8.135329371677395283e-02 -9.956999827276917792e-01 -4.484164685912126913e+01 3.213568353995167187e-02 9.962790781626157388e-01 7.997059621427067555e-02 0.000000000000000000e+00 9.985009323210046750e-01 -2.845417397987022243e-02 -4.675733244320645632e-02 2.383325403267684806e+01
-4.698419092159828586e-02 8.347994004868827811e-02 -9.954012183099357758e-01 -4.595567905591562408e+01 3.034518482425966127e-02 9.961610805246017275e-01 8.211133542962560650e-02 0.000000000000000000e+00 9.984346025461164897e-01 -2.634769928325687155e-02 -4.933703660592799606e-02 2.378251490078106301e+01
-4.754897810774929429e-02 8.841790975867705460e-02 -9.949479222124187894e-01 -4.707077749754973439e+01 2.636113625402036753e-02 9.958387171546556615e-01 8.723726217141355987e-02 0.000000000000000000e+00 9.985209988659742297e-01 -2.207991507392907671e-02 -4.968190992727888194e-02 2.371615826761467360e+01
-4.613794215214506861e-02 9.076238533216814119e-02 -9.948032366768690959e-01 -4.819125329091071563e+01 2.567451040293058928e-02 9.956425159445376760e-01 8.964820109292589989e-02 0.000000000000000000e+00 9.986050820066620926e-01 -2.140490253286159508e-02 -4.826717661126965486e-02 2.362931967831195479e+01
-4.470513443447550472e-02 9.064439851817919502e-02 -9.948794117743454679e-01 -4.931295750544575895e+01 3.039495346016080415e-02 9.955374281554763005e-01 8.933854680781232183e-02 0.000000000000000000e+00 9.985377297625500637e-01 -2.624542167413100591e-02 -4.726076683462575312e-02 2.354569606624980693e+01
-4.386231262022997207e-02 9.017955746262840133e-02 -9.949591674774619365e-01 -5.042410624383831674e+01 3.369822999747944248e-02 9.954844839670262679e-01 8.874159946686538403e-02 0.000000000000000000e+00 9.984690915730138894e-01 -2.963595108552286375e-02 -4.670314311279549074e-02 2.348610014299467608e+01
-4.328757711283574144e-02 8.765197776918340344e-02 -9.952101870765016622e-01 -5.154365001090160092e+01 3.352574959779282965e-02 9.957103328441634371e-01 8.623779439009615633e-02 0.000000000000000000e+00 9.984999798605924681e-01 -2.963214235439873279e-02 -4.604048607347889510e-02 2.343363416706970881e+01
-4.069774133775150987e-02 8.719130777018654910e-02 -9.953599196769600255e-01 -5.267992810442427043e+01 3.259553701191513636e-02 9.957708851757794966e-01 8.589455863526603008e-02 0.000000000000000000e+00 9.986396871829735788e-01 -2.894857657235035478e-02 -4.336767341608697285e-02 2.336399179433243134e+01
-3.600056560619945001e-02 9.114720364760518778e-02 -9.951864883242987903e-01 -5.381107318998782318e+01 3.376588549419099611e-02 9.953743679669102562e-01 8.994294064163670110e-02 0.000000000000000000e+00 9.987811693523381829e-01 -3.036535627474205856e-02 -3.891170627820166039e-02 2.329406980347526357e+01
-2.956430072052084607e-02 9.456425280207389483e-02 -9.950796722950802087e-01 -5.495303383575229361e+01 3.547454907448925610e-02 9.949869499227890213e-01 9.350147512903775326e-02 0.000000000000000000e+00 9.989331851985223665e-01 -3.253569693933271167e-02 -3.277071762722960635e-02 2.322403054216271201e+01
-2.564823758531427703e-02 9.784036944721941076e-02 -9.948715645826804455e-01 -5.607227495278086593e+01 3.455679549727548594e-02 9.946909420718764716e-01 9.693171640449346760e-02 0.000000000000000000e+00 9.990735687594402004e-01 -3.189344551144480955e-02 -2.889311924458390357e-02 2.319376559292065565e+01
-1.829375017940386774e-02 9.884237720830371665e-02 -9.949349341400053337e-01 -5.720691319434968847e+01 3.405105744339238794e-02 9.945857927500852957e-01 9.818159881907718989e-02 0.000000000000000000e+00 9.992526528317836609e-01 -3.208247695382977077e-02 -2.156039148871472660e-02 2.313089807372653439e+01
-1.297387550809404183e-02 9.787463985416704204e-02 -9.951141811006962712e-01 -5.833952032764737083e+01 3.368041557024151200e-02 9.946759994576098718e-01 9.739243148222199997e-02 0.000000000000000000e+00 9.993484418166234118e-01 -3.225230187783235947e-02 -1.620126113192703679e-02 2.309413938491419316e+01
-9.641765249139082686e-03 9.460348874117799345e-02 -9.954683401700277212e-01 -5.947991155403068575e+01 3.333555478533248295e-02 9.949916816457611279e-01 9.423531314158836714e-02 0.000000000000000000e+00 9.993977071967053982e-01 -3.227589462331351827e-02 -1.274713600108890246e-02 2.308757134198214089e+01
-4.159609606650968919e-03 9.361051281022653159e-02 -9.956002056746061646e-01 -6.062618136815820691e+01 3.391564716743500352e-02 9.950492406010270630e-01 9.341700946044378950e-02 0.000000000000000000e+00 9.994160427595363272e-01 -3.337784700551121864e-02 -7.313877503928319090e-03 2.305627782795665581e+01
-7.444890103697253490e-04 9.204934656697397188e-02 -9.957541682226079827e-01 -6.177328488883529900e+01 3.510461920877373104e-02 9.951431092345507379e-01 9.196661270916192676e-02 0.000000000000000000e+00 9.993833656041697378e-01 -3.488710276852278330e-02 -3.972230368219605186e-03 2.304224451223257475e+01
5.352789328958745818e-03 9.212298762977987054e-02 -9.957332488154418959e-01 -6.293075556954894267e+01 3.611064715165375472e-02 9.950802597258456839e-01 9.225669550895285176e-02 0.000000000000000000e+00 9.993334622680688506e-01 -3.645040266039133864e-02 1.999834294863578679e-03 2.299721296453223829e+01
1.016441709935742010e-02 9.078051413276969073e-02 -9.958190512732784105e-01 -6.407600532071181476e+01 3.587344312627053361e-02 9.951963246397487195e-01 9.108990889116953815e-02 0.000000000000000000e+00 9.993046485948583468e-01 -3.664933392742262402e-02 6.858980928671110262e-03 2.299210137364485007e+01
