1.000000000000000000e+00 0.000000000000000000e+00 0.000000000000000000e+00 0.000000000000000000e+00 0.000000000000000000e+00 1.000000000000000000e+00 0.000000000000000000e+00 0.000000000000000000e+00 0.000000000000000000e+00 0.000000000000000000e+00 1.000000000000000000e+00 0.000000000000000000e+00
9.999221744076954854e-01 -3.733569341930686840e-03 1.190401561470157132e-02 9.707361963605961805e-03 3.731419955075775986e-03 9.999930176713589525e-01 2.027650074569609800e-04 0.000000000000000000e+00 -1.190468953416785880e-02 -1.583303457399192621e-04 9.999291241376043748e-01 2.888250092022278115e-01
9.998163727403048817e-01 -5.930481145819762982e-03 1.822224447752901835e-02 1.680972740225956247e-02 5.929164148070174833e-03 9.999824143758274664e-01 1.262996281590888907e-04 0.000000000000000000e+00 -1.822267304554958320e-02 -1.823375745092775460e-05 9.998339531415227910e-01 5.819944019281804160e-01
9.997597538982661014e-01 -8.772875558040457017e-03 2.008659104284647723e-02 2.544660240148395938e-02 8.796070222131229660e-03 9.999607449082923427e-01 -1.066672911227109022e-03 0.000000000000000000e+00 -2.007644475316169158e-02 1.243099712554468451e-03 9.997976750668994272e-01 8.808080758243038710e-01
9.997886130583961695e-01 -1.023745713780722585e-02 1.783041418815356494e-02 2.982073243164115595e-02 1.028734194578411615e-02 9.999434163497289418e-01 -2.708264116065698876e-03 0.000000000000000000e+00 -1.780167954042688808e-02 2.891119192185640820e-03 9.998373575914013545e-01 1.186983992662665965e+00
9.998571686375413714e-01 -1.338524261274876524e-02 1.031879858887505171e-02 2.849520409722805514e-02 1.343342556320316176e-02 9.998991203435924069e-01 -4.614348680662429085e-03 0.000000000000000000e+00 -1.025599345542839089e-02 4.752306419698849003e-03 9.999361130501959183e-01 1.502700576160510559e+00
9.998856118496244338e-01 -1.489299691326721568e-02 -2.638533502624767959e-03 2.366650668878941821e-02 1.487842435987644929e-02 9.998744074682363037e-01 -5.459100531149188584e-03 0.000000000000000000e+00 2.719504489881652363e-03 5.419218853596880631e-03 9.999816180122239606e-01 1.826182405472226433e+00
9.997793333876493493e-01 -1.418733706749802058e-02 -1.549206241537471468e-02 -3.750384352148356665e-02 1.410442043890089252e-02 9.998856835248719488e-01 -5.448413170842293478e-03 0.000000000000000000e+00 1.556758989154471626e-02 5.228704326192686394e-03 9.998651463052590227e-01 2.158585780984001445e+00
9.993711907314886123e-01 -9.090084125417294617e-03 -3.427234317230660327e-02 -7.281108906703244454e-02 8.917551837427874564e-03 9.999468020572720439e-01 -5.183659388773174427e-03 0.000000000000000000e+00 3.431763985407896428e-02 4.874774458875150672e-03 9.993990875365155180e-01 2.512515913671989232e+00
9.985939434644199864e-01 -5.829649871005549919e-03 -5.268919489383529914e-02 -1.316545244426995942e-01 5.522046791876978993e-03 9.999668622141066887e-01 -5.981761688590549533e-03 0.000000000000000000e+00 5.272232046683238832e-02 5.682398793843500447e-03 9.985930438714959445e-01 2.867915498782431349e+00
9.973811609219676022e-01 -5.789407794663548393e-03 -7.209231994696500834e-02 -2.035942193430340386e-01 5.348894246283845619e-03 9.999658366670320930e-01 -6.301970258719306883e-03 0.000000000000000000e+00 7.212634170877198214e-02 5.899852217371123406e-03 9.973780539873141615e-01 3.234216089734244903e+00
9.955959331209460750e-01 -7.872284119668070818e-03 -9.341715632458860719e-02 -2.623714437741546668e-01 7.449605273018355088e-03 9.999603802560342869e-01 -4.872504436227796665e-03 0.000000000000000000e+00 9.345181290006956965e-02 4.155124660475597448e-03 9.956151332742716464e-01 3.615453723283150733e+00
9.938803781579012009e-01 -8.509066788678949431e-03 -1.101335085026094035e-01 -3.559878072163020768e-01 8.147688959424449762e-03 9.999598469744311879e-01 -3.730898482954548602e-03 0.000000000000000000e+00 1.101608327733996223e-01 2.810733223817710180e-03 9.939098000831942947e-01 3.998869710875228023e+00
9.916775358942137020e-01 -7.418383063183013257e-03 -1.285326121865956184e-01 -3.985140772280242882e-01 7.058042127061567479e-03 9.999697818023565166e-01 -3.258761034168343278e-03 0.000000000000000000e+00 1.285529029003797119e-01 2.324451520917342629e-03 9.916999284466105902e-01 4.399325267997007849e+00
9.896390425123609003e-01 -6.134512809374645381e-03 -1.434466217371836994e-01 -4.687721230955379514e-01 5.869357383366941884e-03 9.999801951573754621e-01 -2.271549453920433670e-03 0.000000000000000000e+00 1.434577156486373239e-01 1.406074538184540765e-03 9.896554485149201552e-01 4.810846614659811671e+00
9.876659380983392467e-01 -4.869742820474033153e-03 -1.565000968855659591e-01 -5.455865069213191587e-01 4.525632225555444900e-03 9.999864951165038374e-01 -2.555041597922445146e-03 0.000000000000000000e+00 1.565104257654678643e-01 1.815265674923903592e-03 9.876746384499508480e-01 5.232759932997033125e+00
9.858177328584011301e-01 -6.034362604254439599e-03 -1.677110135020479231e-01 -6.520932993903738595e-01 5.518402872666310251e-03 9.999784992124726157e-01 -3.542363971022004319e-03 0.000000000000000000e+00 1.677287834918579912e-01 2.566628280184106870e-03 9.858298370447164949e-01 5.662556041530852013e+00
9.841219955633160321e-01 -9.577885268640180805e-03 -1.772347651062243790e-01 -7.410556777062664580e-01 8.615500437598360220e-03 9.999436724491170825e-01 -6.198796752624597534e-03 0.000000000000000000e+00 1.772841532700748790e-01 4.573406033953373445e-03 9.841490806562593896e-01 6.106907942170142434e+00
9.827174746910085634e-01 -8.184246319703356726e-03 -1.849307520373676406e-01 -8.313744454318132693e-01 6.796458784437621643e-03 9.999437968462518977e-01 -8.137032425298900903e-03 0.000000000000000000e+00 1.849869538235582034e-01 6.739529722270915998e-03 9.827178667624816288e-01 6.566987020912513628e+00
9.811630096638165321e-01 -7.353714625484880814e-03 -1.930416311282348585e-01 -9.031016439609695912e-01 5.578095827014828943e-03 9.999370064066961383e-01 -9.740023888931671758e-03 0.000000000000000000e+00 1.931010960983575719e-01 8.479746436024468079e-03 9.811422224050867502e-01 7.043798425567413091e+00
9.796127205843906394e-01 -7.527002943671303077e-03 -2.007542325729048671e-01 -1.021511166403791471e+00 5.145118767757732130e-03 9.999100804553850974e-01 -1.238381026052099050e-02 0.000000000000000000e+00 2.008293938200172990e-01 1.109843369079154506e-02 9.795633615787672221e-01 7.532316758285605651e+00
9.780213570983316007e-01 -1.092010072563903006e-02 -2.082185785651244903e-01 -1.129373405303423006e+00 8.073466094138344318e-03 9.998620379770303268e-01 -1.451634105564736377e-02 0.000000000000000000e+00 2.083483722153012807e-01 1.251624594513058367e-02 9.779745903563519249e-01 8.025531136108281061e+00
9.763232154325236500e-01 -1.737120093319351535e-02 -2.156182283241324937e-01 -1.245051649707924479e+00 1.400833541363500495e-02 9.997553931086670120e-01 -1.711492007200702062e-02 0.000000000000000000e+00 2.158627933351139061e-01 1.368924133291367362e-02 9.763277416550704135e-01 8.538060019810988166e+00
9.743917296414807971e-01 -1.771756737576563739e-02 -2.241580804088243173e-01 -1.370276571457609283e+00 1.374576282569796304e-02 9.997198797277376814e-01 -1.926696866388497714e-02 0.000000000000000000e+00 2.244366530017397610e-01 1.569235111258697815e-02 9.743623242438794740e-01 9.059265911931246862e+00
9.725149805069006614e-01 -1.247097488543121198e-02 -2.325061020168497083e-01 -1.524453773058561001e+00 7.638531132812821124e-03 9.997359329291470864e-01 -2.167296132093357933e-02 0.000000000000000000e+00 2.327149877678612866e-01 1.930127445772919156e-02 9.723534312545569769e-01 9.587220313273313366e+00
9.705340980001785356e-01 -8.078004170143591664e-03 -2.408283838495928753e-01 -1.674862891749897997e+00 2.525743197478259004e-03 9.997240531205704439e-01 -2.335461910364850652e-02 0.000000000000000000e+00 2.409505867191032991e-01 2.205818353362872658e-02 9.702866851085382160e-01 1.012726453466199317e+01
9.684803032991624594e-01 -1.100877622770101393e-02 -2.488467580008426883e-01 -1.846588740574087284e+00 4.848751867430107880e-03 9.996667841120362441e-01 -2.535370482640887310e-02 0.000000000000000000e+00 2.490429515703861674e-01 2.334796755747665237e-02 9.682109690992166673e-01 1.066963026630403810e+01
9.663171415886189219e-01 -1.418131510181215582e-02 -2.569631727971602997e-01 -2.022291276224646772e+00 7.254861170801780307e-03 9.995848635442755592e-01 -2.788310532492514413e-02 0.000000000000000000e+00 2.572519171189839859e-01 2.507969049154315511e-02 9.660188715876387722e-01 1.122331746138929098e+01
9.643307542286574385e-01 -1.367728337323954706e-02 -2.643466065004733134e-01 -2.203951280172856464e+00 6.124614724076249059e-03 9.995497213190566166e-01 -2.937420135892494094e-02 0.000000000000000000e+00 2.646293361350356421e-01 2.670742463288335380e-02 9.639803047397846880e-01 1.178426245221058011e+01
9.617146641164867615e-01 -1.315495376402155310e-02 -2.737368298471700712e-01 -2.370783344097094680e+00 4.494859689252210348e-03 9.994700566110836792e-01 -3.223976076536181484e-02 0.000000000000000000e+00 2.740158773861217645e-01 2.977504205371127310e-02 9.612641394596037614e-01 1.236778004285805110e+01
9.595682215900269707e-01 -1.257948265170572358e-02 -2.811949230174101144e-01 -2.558862050357728624e+00 2.347948215024067437e-03 9.993238170705492918e-01 -3.669326606781850297e-02 0.000000000000000000e+00 2.814663661145528351e-01 3.454946094745287022e-02 9.589489139127841399e-01 1.295442753905770772e+01
9.576738556515874690e-01 -1.209944721843077275e-02 -2.876010945362148519e-01 -2.736751114711324373e+00 -5.101319340345935238e-04 9.990433141953160012e-01 -4.372866482121458287e-02 0.000000000000000000e+00 2.878550433235980144e-01 4.202451354441386761e-02 9.567514903539604543e-01 1.355908920190429612e+01
9.563727520413234373e-01 -1.176233933485744051e-02 -2.919123267802771204e-01 -2.953943632808492481e+00 -3.266542332997580348e-03 9.986961948009892565e-01 -5.094349998977692334e-02 0.000000000000000000e+00 2.921309447047514829e-01 4.967451925679077646e-02 9.550874060956491274e-01 1.416399068610269119e+01
9.551407269296373626e-01 -8.401951122648613005e-03 -2.960331045299745556e-01 -3.152430635507994516e+00 -9.289292618029085583e-03 9.982556622710921923e-01 -5.830387453983569557e-02 0.000000000000000000e+00 2.960065891208827904e-01 5.843834324339480801e-02 9.533965907406988238e-01 1.478964810430602128e+01
9.537321839691813574e-01 -3.850603026206390975e-03 -3.006328227551152699e-01 -3.357688927770319243e+00 -1.662175695471140163e-02 9.977134542063306188e-01 -6.551015563565480704e-02 0.000000000000000000e+00 3.001976656423444578e-01 6.747618951899764239e-02 9.514874278680109931e-01 1.542653495350104542e+01
9.523038657753285507e-01 -1.247569048207825557e-03 -3.051488010804462858e-01 -3.590658369540629558e+00 -2.167253154056891437e-02 9.971898808569835682e-01 -7.171222275913193001e-02 0.000000000000000000e+00 3.043807625425548613e-01 7.490517397284479628e-02 9.496007404726001244e-01 1.606899381532352677e+01
9.503996549091570101e-01 3.833458933473021628e-03 -3.110077178160678413e-01 -3.796424678110267514e+00 -2.909891881142266656e-02 9.966342618728032399e-01 -7.663811705186876488e-02 0.000000000000000000e+00 3.096671582079056906e-01 8.188682832943847134e-02 9.473124080648288592e-01 1.675131348475528625e+01
9.482924751967467536e-01 6.143597402422352159e-03 -3.173383646774884936e-01 -4.009541791095421637e+00 -3.379130242251924404e-02 9.960844907511355872e-01 -8.169354421028240942e-02 0.000000000000000000e+00 3.155939311295702376e-01 8.819264989784748876e-02 9.447870273972750477e-01 1.740777172764630620e+01
9.461207892078974391e-01 9.267758793079476295e-03 -3.236812643258441535e-01 -4.245343964503952350e+00 -3.893097993453701472e-02 9.955953769394914055e-01 -8.528906271055609889e-02 0.000000000000000000e+00 3.214651319038515642e-01 9.329498412916739647e-02 9.423142866933393869e-01 1.808816497117887678e+01
9.439586383739644315e-01 1.207321970883989785e-02 -3.298428813920820657e-01 -4.478197715918946997e+00 -4.350563829674071459e-02 9.951628494883605347e-01 -8.808043162131105885e-02 0.000000000000000000e+00 3.271839673265831139e-01 9.749430939324171819e-02 9.399178214931194209e-01 1.878723206864303563e+01
9.420645485173518852e-01 1.325478462771162436e-02 -3.351696542219618768e-01 -4.732039816128580156e+00 -4.565757240922836691e-02 9.949862296531766237e-01 -8.898195818394097345e-02 0.000000000000000000e+00 3.323097538569894649e-01 9.912978101975863932e-02 9.379464345081125476e-01 1.949055558856644410e+01
9.397596628681865738e-01 1.331792089639899715e-02 -3.415763590017150686e-01 -4.981488981699061291e+00 -4.608924608675697698e-02 9.950531252186209930e-01 -8.800601904305292711e-02 0.000000000000000000e+00 3.387145663254326200e-01 9.844750365371823797e-02 9.357246024249465943e-01 2.021079733494202912e+01
9.377806536127050174e-01 1.340642146827758854e-02 -3.469693265594834819e-01 -5.279730507434931219e+00 -4.619212018480487597e-02 9.951895930853519312e-01 -8.639422346106533090e-02 0.000000000000000000e+00 3.441420255396881456e-01 9.704608017855552438e-02 9.338888181038559333e-01 2.092177379612182264e+01
9.352249568162269711e-01 1.152708346048746113e-02 -3.538663681320681764e-01 -5.571195455197170965e+00 -4.464553190098026481e-02 9.953313771256810938e-01 -8.557000753985061214e-02 0.000000000000000000e+00 3.512279268927289699e-01 9.582575883334436273e-02 9.313733769625629488e-01 2.165412893085083823e+01
9.319000048630324828e-01 1.116134089104049362e-02 -3.625435220849944629e-01 -5.842378904202364609e+00 -4.448054010441792466e-02 9.954988225393414103e-01 -8.368736986427770252e-02 0.000000000000000000e+00 3.599775860915486736e-01 9.411439205719239476e-02 9.282018200366800587e-01 2.240075405858941693e+01
9.287501521953172023e-01 1.081918194891636105e-02 -3.705483775421630765e-01 -6.163629395808242428e+00 -4.289733228528359865e-02 9.959956379413268390e-01 -7.843792504045760117e-02 0.000000000000000000e+00 3.682159334955229513e-01 8.874477169840788715e-02 9.254952143669987752e-01 2.315757273123695370e+01
9.253771354469176869e-01 1.132710605001877383e-02 -3.788784156699697148e-01 -6.472896779849765636e+00 -4.218484810423674819e-02 9.964215229218025272e-01 -7.324334269143822906e-02 0.000000000000000000e+00 3.766929728339479810e-01 8.376064306537070459e-02 9.225435268272152989e-01 2.390415059953879151e+01
9.219707406378107040e-01 1.402405712523971046e-02 -3.870055286808087303e-01 -6.819426681138163637e+00 -4.393491098845232756e-02 9.966798024211445117e-01 -6.854994560305839590e-02 0.000000000000000000e+00 3.847592455084104524e-01 8.020409757296274866e-02 9.195257613184655288e-01 2.465671403808603301e+01
9.183380661816039625e-01 1.408669215204615827e-02 -3.955461557214822177e-01 -7.150510797842786204e+00 -4.402830037329083512e-02 9.967997848288705498e-01 -6.672104414166762920e-02 0.000000000000000000e+00 3.933404441041742361e-01 7.868769960628144156e-02 9.160193998833215945e-01 2.542024276183578380e+01
9.145064494914290076e-01 1.317521683384976876e-02 -4.043567329722099202e-01 -7.509018412392911124e+00 -4.370081569099869279e-02 9.968386256299687220e-01 -6.635505376453378068e-02 0.000000000000000000e+00 4.022041677388731307e-01 7.835284368504866204e-02 9.121911199633248035e-01 2.618375667835242382e+01
9.108430231497667284e-01 1.339774919561138519e-02 -4.125354378667145938e-01 -7.870500261265471309e+00 -4.421419717406632754e-02 9.968892198885307421e-01 -6.524559784603709001e-02 0.000000000000000000e+00 4.103779866752645389e-01 7.766842078042605901e-02 9.086019615133071881e-01 2.695412192751393476e+01
9.068801217049887731e-01 1.231252478763652722e-02 -4.212087921562115422e-01 -8.250037333063582778e+00 -4.329146099065628306e-02 9.970063181593130652e-01 -6.406442816183843814e-02 0.000000000000000000e+00 4.191590321842483258e-01 7.633350040291966843e-02 9.046982383395029137e-01 2.773060130824655545e+01
9.030150063347811562e-01 9.749542142897608607e-03 -4.294983640972279693e-01 -8.624790010648066385e+00 -4.148651171944502808e-02 9.970490153430595637e-01 -6.459203007171819555e-02 0.000000000000000000e+00 4.276011782953174079e-01 7.614596135999013304e-02 9.007546974004726481e-01 2.851723336377522600e+01
8.993968276115275051e-01 7.888197586636135072e-03 -4.370619210376842090e-01 -9.027184145339884225e+00 -3.861758027791019343e-02 9.973617287208683679e-01 -6.146758964199894315e-02 0.000000000000000000e+00 4.354239646319391088e-01 7.216202894703055426e-02 8.973285978962499687e-01 2.930921584825996717e+01
8.956063317473099694e-01 7.124929826871837825e-03 -4.447904381943082464e-01 -9.439175539501333034e+00 -3.632130658329151690e-02 9.977045256662815387e-01 -5.715279654663823344e-02 0.000000000000000000e+00 4.433622234947465213e-01 6.734177633520616046e-02 8.938092771602965669e-01 3.010818382792680126e+01
8.918407051492598381e-01 5.103468643342772178e-03 -4.523208056752120454e-01 -9.854901168151203095e+00 -3.323075028651704954e-02 9.979736740584342902e-01 -5.426106450949723381e-02 0.000000000000000000e+00 4.511273366514848004e-01 6.342318577708778993e-02 8.902031372847557522e-01 3.091599803933414847e+01
8.883327739704636183e-01 2.501737592942918694e-03 -4.591934494294888647e-01 -1.029424290902956152e+01 -3.067640897318226964e-02 9.980746199233254679e-01 -5.390742989067597024e-02 0.000000000000000000e+00 4.581744652667223971e-01 6.197414278490692013e-02 8.866991400715508176e-01 3.172255838872343858e+01
8.850326096875635873e-01 4.371832855906059544e-03 -4.655085035389748827e-01 -1.071580512804196061e+01 -3.286812348623921465e-02 9.980472687323960201e-01 -5.311624830780421747e-02 0.000000000000000000e+00 4.643672751692453082e-01 6.231000283488123681e-02 8.834480727799490785e-01 3.255011491757529996e+01
8.823122233244792278e-01 3.594146212614230795e-03 -4.706508500844459042e-01 -1.119892894001042372e+01 -3.162691791581517115e-02 9.981634262352024889e-01 -5.166732613118588113e-02 0.000000000000000000e+00 4.696007651562717489e-01 6.047194919466617608e-02 8.808054636100074442e-01 3.335885924860028950e+01
8.799005358612048688e-01 1.270608965465498241e-03 -4.751562190943270925e-01 -1.167947245375196630e+01 -2.917425985306183744e-02 9.982541951984047479e-01 -5.135585975144063564e-02 0.000000000000000000e+00 4.742614358696960464e-01 5.905037952156097503e-02 8.784014703569047455e-01 3.418402967699731221e+01
8.769662548272647573e-01 4.767990611135231776e-04 -4.805517251627451913e-01 -1.213428682524063795e+01 -2.904747716809150809e-02 9.982235684472124948e-01 -5.201876071842628096e-02 0.000000000000000000e+00 4.796732554191499576e-01 5.957751303274499283e-02 8.754222341113039318e-01 3.503999466057570800e+01
8.750509511763163717e-01 -9.751831189391606215e-04 -4.840298357160462417e-01 -1.262002576546419164e+01 -2.821742617420908844e-02 9.981944960761505170e-01 -5.302381411574814268e-02 0.000000000000000000e+00 4.832076258768292498e-01 6.005661513241294241e-02 8.734435260927370104e-01 3.588490100197368093e+01
8.739093098524488568e-01 4.544583479089889222e-05 -4.860890001716630660e-01 -1.314039839366356510e+01 -2.946102543267590732e-02 9.981665751015866839e-01 -5.287283168529949284e-02 0.000000000000000000e+00 4.851953896459309523e-01 6.052674024464537589e-02 8.723084016457075540e-01 3.674748202432745359e+01
8.738693442054353833e-01 1.191722194945584509e-03 -4.861593864733737558e-01 -1.369485501515801218e+01 -3.007640317725920540e-02 9.982140415938479672e-01 -5.161528007085527947e-02 0.000000000000000000e+00 4.852296149555141436e-01 5.972693666247955863e-02 8.723444926214862782e-01 3.760909996513704812e+01
8.737202277140809770e-01 4.517672706830662931e-04 -4.864285760413157300e-01 -1.420897919802856180e+01 -2.860832755542505601e-02 9.983163123417759799e-01 -5.045893485595225048e-02 0.000000000000000000e+00 4.855867865559471697e-01 5.800290008826078370e-02 8.722620800559995891e-01 3.850214960138169573e+01
8.730002718441446374e-01 -9.220125847135859747e-04 -4.877188485724520128e-01 -1.469299152748366843e+01 -2.756215696197497622e-02 9.983068535806146615e-01 -5.122258874338802420e-02 0.000000000000000000e+00 4.869402970217688864e-01 5.815991735520542605e-02 8.714967419041714791e-01 3.942641993053406679e+01
8.717079436209084209e-01 -3.490639705971035345e-03 -4.900133431475572343e-01 -1.517973901440468509e+01 -2.612551951271962006e-02 9.982213735224971796e-01 -5.358681435807986088e-02 0.000000000000000000e+00 4.893288447030210153e-01 5.951390490717087950e-02 8.700663060159872231e-01 4.036202598741114400e+01
8.704346490707307593e-01 -6.222059147671023249e-03 -4.922446624160305428e-01 -1.569118047304599273e+01 -2.419523634044326924e-02 9.981709641903365737e-01 -5.540141501587572681e-02 0.000000000000000000e+00 4.916890401824503543e-01 6.013328718184253463e-02 8.686920487360092480e-01 4.129513982358916735e+01
8.688737037050620060e-01 -6.682172501731279031e-03 -4.949887226801252260e-01 -1.622677105281519516e+01 -2.322559707182792268e-02 9.982575102839301717e-01 -5.424495186081505771e-02 0.000000000000000000e+00 4.944886840469676637e-01 5.862842085867578379e-02 8.672045027657054872e-01 4.222112797414320084e+01
8.670939830415107519e-01 -7.426380722617708513e-03 -4.980892223714221134e-01 -1.680302526446904920e+01 -2.130887810875040089e-02 9.984206777223850748e-01 -5.198155451807567884e-02 0.000000000000000000e+00 4.976886137806967314e-01 5.568661567856181965e-02 8.655663143557024153e-01 4.312446978802496744e+01
8.639560354424815625e-01 -1.099731533753004267e-02 -5.034471450687487692e-01 -1.732753888267489728e+01 -1.661691347326408816e-02 9.985944322483466529e-01 -5.032929633145896697e-02 0.000000000000000000e+00 5.032930031394521331e-01 5.184803697310558235e-02 8.625589452628177334e-01 4.405603030724935820e+01
8.600702773473521967e-01 -1.305495719535793193e-02 -5.100085157291728288e-01 -1.787767535041755451e+01 -1.425087247446867392e-02 9.986676936566876162e-01 -4.959586958753670061e-02 0.000000000000000000e+00 5.099765001030562850e-01 4.992399962998454038e-02 8.587383557309995474e-01 4.497122148723342860e+01
8.545621262424081266e-01 -1.699339936370651907e-02 -5.190710902854419606e-01 -1.841291156347285707e+01 -1.270090064671364205e-02 9.984818042136118788e-01 -5.359826281781603780e-02 0.000000000000000000e+00 5.191938554285998597e-01 5.239571578278832270e-02 8.530489021461742372e-01 4.589190984756943692e+01
8.485877829743405654e-01 -2.045923655886820736e-02 -5.286588637544245017e-01 -1.900350476466815053e+01 -1.238595661680934844e-02 9.982098319528194263e-01 -5.851255823672156520e-02 0.000000000000000000e+00 5.289095978193032455e-01 5.620098782180991959e-02 8.468152610236031608e-01 4.679168634407615457e+01
8.427824667890257970e-01 -2.001499332123677852e-02 -5.378820630169339756e-01 -1.960196242642317443e+01 -1.314366296952481500e-02 9.982451490814717721e-01 -5.773964373849902604e-02 0.000000000000000000e+00 5.380938187683866891e-01 5.573169993509841796e-02 8.410404388765122530e-01 4.768611477515977981e+01
8.364268577947170380e-01 -1.955128977135668286e-02 -5.477297313711667615e-01 -2.017570408665451609e+01 -1.168862785652966668e-02 9.984999161583256733e-01 -5.349105916546626621e-02 0.000000000000000000e+00 5.479539100494541515e-01 5.114356753383620530e-02 8.349436196303462454e-01 4.860024733012102871e+01
8.315560643709908328e-01 -1.661169320822322368e-02 -5.551923661728268566e-01 -2.079886454183767697e+01 -1.225384480470725033e-02 9.987607451755244892e-01 -4.823709344403205590e-02 0.000000000000000000e+00 5.553056411520849167e-01 4.691508867285450191e-02 8.303219973958824163e-01 4.947612910345400650e+01
8.262671993756802724e-01 -1.577717559600138805e-02 -5.630573647205767696e-01 -2.131983133996998347e+01 -1.471901857708355493e-02 9.986615577604831540e-01 -4.958269399223271673e-02 0.000000000000000000e+00 5.630860198300030595e-01 4.925620551374886719e-02 8.249290639142194959e-01 5.040625032508738457e+01
8.230304730412907332e-01 -1.598181276816013074e-02 -5.677723329875017377e-01 -2.194686324741209660e+01 -1.705558400420835105e-02 9.984579512073940011e-01 -5.282827580948942087e-02 0.000000000000000000e+00 5.677410919597963845e-01 5.316296954997307839e-02 8.214887407438550282e-01 5.126304469401058839e+01
8.202247741716730545e-01 -1.417551077931939255e-02 -5.718656964088433270e-01 -2.257961837984955267e+01 -2.291054936220279781e-02 9.980767651244134564e-01 -5.760102122968754207e-02 0.000000000000000000e+00 5.715823882547007573e-01 6.034754189630305021e-02 8.183225205407245184e-01 5.211201394382064933e+01
8.171557077225883869e-01 -1.424834391610119676e-02 -5.762408645974719246e-01 -2.321463590757869611e+01 -2.436770631639171777e-02 9.979468463540165368e-01 -5.923096099967650741e-02 0.000000000000000000e+00 5.759016966681649308e-01 6.244258601079413773e-02 8.151307620419019351e-01 5.297021080253126968e+01
8.142102530378499958e-01 -1.669534252913211850e-02 -5.803300176501919871e-01 -2.385578382332889191e+01 -2.113633187318942133e-02 9.980713703957466709e-01 -5.836775712067440031e-02 0.000000000000000000e+00 5.801852456957030668e-01 5.978967414350406379e-02 8.122870647393252153e-01 5.382823913402980764e+01
8.113578740825893032e-01 -1.824077345876937845e-02 -5.842650719902774403e-01 -2.450024642762850391e+01 -1.667449887673371281e-02 9.983840643463319786e-01 -5.432514285765563389e-02 0.000000000000000000e+00 5.843118698532383526e-01 5.381945970483673070e-02 8.097426162094285562e-01 5.469068892856591191e+01
8.084083075202758151e-01 -1.847617533313259883e-02 -5.883320824817043215e-01 -2.515318344489014279e+01 -1.502456834734347546e-02 9.985338969091187566e-01 -5.200306788508936989e-02 0.000000000000000000e+00 5.884303447972203394e-01 5.087914767902809721e-02 8.069455010428390196e-01 5.554574001998997090e+01
8.042717391038473052e-01 -1.795022511382760727e-02 -5.939905378852694540e-01 -2.578127281963453044e+01 -1.630420373835945666e-02 9.985009033660781075e-01 -5.225053987835449193e-02 0.000000000000000000e+00 5.940379976224812175e-01 5.170817532541800710e-02 8.027733939195961232e-01 5.641910741028010534e+01
8.005927567412863821e-01 -1.850809857986536466e-02 -5.989229400685376348e-01 -2.643786040047404384e+01 -1.717321946856521439e-02 9.984035741000139019e-01 -5.380877026468745133e-02 0.000000000000000000e+00 5.989627019994381296e-01 5.336434681761981214e-02 7.989968260902287067e-01 5.727514421449374993e+01
7.967485734652406393e-01 -1.915463395973807451e-02 -6.040072935643802099e-01 -2.709064731333997145e+01 -1.874598577710141767e-02 9.982331291906706427e-01 -5.638446420284901062e-02 0.000000000000000000e+00 6.040201144815826595e-01 5.624695355364511123e-02 7.949817491726386409e-01 5.812741723936311899e+01
7.935112136269740768e-01 -1.976590863309167154e-02 -6.082345457996853888e-01 -2.778550217918791887e+01 -1.882975411689368286e-02 9.981963583929385209e-01 -5.700412661351303423e-02 0.000000000000000000e+00 6.082642470243826427e-01 5.668632063364289347e-02 7.917078165869518847e-01 5.896115391206465972e+01
7.889009918925233844e-01 -2.160443244139855640e-02 -6.141404346644770973e-01 -2.845347473496602575e+01 -1.715480455316968286e-02 9.982180910002567131e-01 -5.715203828859650309e-02 0.000000000000000000e+00 6.142808296469381979e-01 5.562275881942096295e-02 7.871246222991526986e-01 5.980152657003031891e+01
7.840106363983246895e-01 -2.270295573180581769e-02 -6.203320867207573475e-01 -2.913735224422543979e+01 -1.656625366066807881e-02 9.982097816821225988e-01 -5.746991381387939885e-02 0.000000000000000000e+00 6.205262937651716548e-01 5.533360240544402814e-02 7.822309832721369149e-01 6.064025116937038007e+01
7.790957319297410200e-01 -2.396335602915523194e-02 -6.264468038522320592e-01 -2.984491324864842099e+01 -1.648210603009930830e-02 9.981407665285733088e-01 -5.868006794951692584e-02 0.000000000000000000e+00 6.266882643465325753e-01 5.604255313212512524e-02 7.772522444925851204e-01 6.146264628158161969e+01
7.730827971203351190e-01 -2.569049797902530144e-02 -6.337846535773679069e-01 -3.052045205385595139e+01 -1.589130808191736161e-02 9.980814013489408554e-01 -5.984131189049365224e-02 0.000000000000000000e+00 6.341060282981390017e-01 5.633395596724245780e-02 7.711913058904635854e-01 6.231910499031123152e+01
7.674813635243956655e-01 -2.756010688956332319e-02 -6.404785688459577742e-01 -3.122955220075133909e+01 -1.545013680322077781e-02 9.979900959977281438e-01 -6.145780311076810137e-02 0.000000000000000000e+00 6.408850520299971265e-01 5.706320003886732051e-02 7.655129922384269481e-01 6.315017505629961647e+01
7.621282118625363200e-01 -2.767080287105166611e-02 -6.468345347549712132e-01 -3.193782253895287226e+01 -1.663728587328403355e-02 9.979192547822484105e-01 -6.229254894132359860e-02 0.000000000000000000e+00 6.472123217321958943e-01 5.823648000444173883e-02 7.600820501726843759e-01 6.398577409874754096e+01
7.561588730512588397e-01 -3.095777040559529250e-02 -6.536553948047549856e-01 -3.268222398438516052e+01 -1.547688024405894508e-02 9.977548935699990240e-01 -6.515856455620973320e-02 0.000000000000000000e+00 6.542050327563651013e-01 5.938677301073765763e-02 7.539820861980820466e-01 6.481250927638262738e+01
7.488499935160871646e-01 -3.273678125756725871e-02 -6.619305026691593152e-01 -3.338054759328456811e+01 -1.462556783994697560e-02 9.977197116718744541e-01 -6.588983007069838804e-02 0.000000000000000000e+00 6.625781312240170973e-01 5.902270829333673696e-02 7.466636056012146971e-01 6.567377634840947564e+01
7.429063442784658022e-01 -3.456975257389135331e-02 -6.685021285215033693e-01 -3.413440174215703848e+01 -1.259584862278442449e-02 9.977668570335427312e-01 -6.559453942877074839e-02 0.000000000000000000e+00 6.692768546933867135e-01 5.715095110652401028e-02 7.408118928306591799e-01 6.646895460265740496e+01
7.367799504937665445e-01 -3.699890107769165243e-02 -6.751195345044028739e-01 -3.490985897439000496e+01 -1.039071043492708485e-02 9.977641525983056425e-01 -6.602067044825794817e-02 0.000000000000000000e+00 6.760527625023476928e-01 5.565767789643226438e-02 7.347481780883288183e-01 6.726847354848769100e+01
7.306146360816402341e-01 -4.029413741784889508e-02 -6.816000557754089417e-01 -3.569521111093221322e+01 -8.680190198326342282e-03 9.976283558345246938e-01 -6.828116821655244584e-02 0.000000000000000000e+00 6.827348737551122149e-01 5.580363899108756881e-02 7.285321173661050143e-01 6.806165793157435928e+01
7.227270627422908156e-01 -4.018877207976916804e-02 -6.899640971663795197e-01 -3.643561090667909497e+01 -9.870784587597611695e-03 9.976058757805320587e-01 -6.844767505019021259e-02 0.000000000000000000e+00 6.910630654227741809e-01 5.627947411686983620e-02 7.206000696652784532e-01 6.891012742527874479e+01
7.163504075601740961e-01 -3.999565161689824094e-02 -6.965934549219570115e-01 -3.723117255496104150e+01 -1.072769410615210563e-02 9.976064256120232843e-01 -6.831058597875488969e-02 0.000000000000000000e+00 6.976582330679778066e-01 5.640715760730729417e-02 7.142067084557022216e-01 6.971277250337175246e+01
7.105281204442547294e-01 -3.939038657712232161e-02 -7.025654328980722729e-01 -3.803290328419057431e+01 -1.014462895750566432e-02 9.977547877536460108e-01 -6.620022672154846077e-02 0.000000000000000000e+00 7.035956769063212990e-01 5.416438830056718307e-02 7.085332331505400649e-01 7.052443484014368380e+01
7.064672619845800972e-01 -4.232893211040904269e-02 -7.064787818826543386e-01 -3.891941629617247145e+01 -8.850139487863291354e-03 9.976034922485160772e-01 -6.862176975715775229e-02 0.000000000000000000e+00 7.076903862389619659e-01 5.473146955775407690e-02 7.043995907615180352e-01 7.124070190750528297e+01
7.009721223956730807e-01 -4.441857082793435052e-02 -7.118040981827133962e-01 -3.970874173283385744e+01 -8.379991168323185080e-03 9.974767337242695930e-01 -7.049781150344756886e-02 0.000000000000000000e+00 7.131394389403238332e-01 5.538191261017049588e-02 6.988311558477602325e-01 7.206804344039198895e+01
6.947979239690390552e-01 -4.419038931001879195e-02 -7.178461216311883275e-01 -4.051510949290711494e+01 -1.092637640063528863e-02 9.973468084271100986e-01 -7.197192521395316678e-02 0.000000000000000000e+00 7.191220057452424319e-01 5.784940114538955624e-02 6.924716511454140910e-01 7.288289866633058978e+01
6.901156638262695431e-01 -4.529005458965801312e-02 -7.222805421004290238e-01 -4.136889858754878446e+01 -1.240800046675736602e-02 9.971526896544019580e-01 -7.438114706968933232e-02 0.000000000000000000e+00 7.235927114517114456e-01 6.029365198967132078e-02 6.875887313385128374e-01 7.365576599114575629e+01
6.856308637170690501e-01 -4.560418344100184568e-02 -7.265194953827885938e-01 -4.223751348774922576e+01 -1.288539784271435819e-02 9.971190423922736690e-01 -7.475012923830723355e-02 0.000000000000000000e+00 7.278353421214280861e-01 6.061248841111983171e-02 6.830679622172248777e-01 7.442256857114519164e+01
6.806465935826528924e-01 -4.761938456747474152e-02 -7.310626572720990701e-01 -4.309303536103433174e+01 -1.093956774935271256e-02 9.971134125896130573e-01 -7.513433496974940284e-02 0.000000000000000000e+00 7.325302318005612046e-01 5.913743862650929634e-02 6.781609122110391352e-01 7.521249548278370867e+01
6.764760283487086800e-01 -4.946152996535092133e-02 -7.348018373160487560e-01 -4.398733215807755670e+01 -9.012076070814379475e-03 9.971115049952207210e-01 -7.541504552178299181e-02 0.000000000000000000e+00 7.364095094133745745e-01 5.763856052718063783e-02 6.740762796493467990e-01 7.596595606704755710e+01
6.710916283149188644e-01 -5.226537642106433151e-02 -7.395298214630647848e-01 -4.485505604418669634e+01 -7.482101099488213357e-03 9.969836553974140703e-01 -7.725030118737603868e-02 0.000000000000000000e+00 7.413366607478437675e-01 5.737526730192862856e-02 6.686763298736281280e-01 7.675122635253889314e+01
6.661965385508035187e-01 -5.431095441202037771e-02 -7.437960017731881646e-01 -4.572631356886365950e+01 -6.553342038124591352e-03 9.968799277244118073e-01 -7.866043102027645006e-02 0.000000000000000000e+00 7.457474275725359814e-01 5.727765647283305367e-02 6.637620389401022170e-01 7.753275675192062977e+01
6.627117569635697647e-01 -5.407676903729593393e-02 -7.469195607511845969e-01 -4.662248759340668158e+01 -6.281411136687789325e-03 9.969529149394512624e-01 -7.775235859995235921e-02 0.000000000000000000e+00 7.488482296543044203e-01 5.621911102294981089e-02 6.603527394502120007e-01 7.830731343364919894e+01
6.580199133881208251e-01 -5.674968033557466901e-02 -7.508590196345099610e-01 -4.749718135665056451e+01 -4.709243704853319050e-03 9.968263903510938828e-01 -7.946678880720545179e-02 0.000000000000000000e+00 7.529858010669350232e-01 5.582670759959698636e-02 6.556643669669500740e-01 7.911464087451025762e+01
6.544389796541139059e-01 -6.031015804961385729e-02 -7.537057162748004302e-01 -4.840453656442208086e+01 -3.253585788873466795e-03 9.965799904662252517e-01 -8.256958751165731358e-02 0.000000000000000000e+00 7.561078204124013213e-01 5.648900280905599230e-02 6.520045678312710313e-01 7.988671701962218208e+01
6.499964921784554539e-01 -6.455224266733021465e-02 -7.571905758277224230e-01 -4.932145273079781589e+01 -2.952026563203286481e-03 9.961637137580587886e-01 -8.745936731371363460e-02 0.000000000000000000e+00 7.599314743415149787e-01 5.908352865531309867e-02 6.473123596431359372e-01 8.065153536324297079e+01
6.466735249409677477e-01 -6.762304371998022201e-02 -7.597634342994308287e-01 -5.029295997068595625e+01 -2.583871543632556243e-03 9.958624767232874264e-01 -9.083639723369897612e-02 0.000000000000000000e+00 7.627625290667239266e-01 6.070462430983450397e-02 6.438231689207318809e-01 8.136331304977221635e+01
6.401649816342849242e-01 -7.348387922348123547e-02 -7.647149245198766598e-01 -5.121218713509237830e+01 8.901670257020970027e-04 9.954850655955486127e-01 -9.491412844716365371e-02 0.000000000000000000e+00 7.682369451489801104e-01 6.007997728434439494e-02 6.373400916603880750e-01 8.213756979364877964e+01
6.321537548203344237e-01 -7.996760040314439266e-02 -7.707053997165922432e-01 -5.214758302081993691e+01 4.541904313970638804e-03 9.950254536622508139e-01 -9.951742394890694676e-02 0.000000000000000000e+00 7.748296595844473833e-01 5.940984303957688728e-02 6.293722818636506844e-01 8.290332813878643492e+01
6.231755131518429414e-01 -8.552207037893602704e-02 -7.773919573072735067e-01 -5.315106452801161652e+01 8.096839159139489553e-03 9.946553438182488271e-01 -1.029329306365262958e-01 0.000000000000000000e+00 7.820401019152172228e-01 5.785086422771622966e-02 6.205373127415781953e-01 8.359227018732848080e+01
6.151418650062482341e-01 -8.610974811850938271e-02 -7.836999407908602500e-01 -5.411522798433247772e+01 1.006082414667369349e-02 9.947941522653975799e-01 -1.014069742968903287e-01 0.000000000000000000e+00 7.883522472436541584e-01 5.449500800557586372e-02 6.128058651549843638e-01 8.434400334296046253e+01
6.071869795303944661e-01 -8.690277929722847738e-02 -7.897923010761562779e-01 -5.512628247377900692e+01 1.221318831500750428e-02 9.949041993603531253e-01 -1.000823267430782371e-01 0.000000000000000000e+00 7.944651093156537280e-01 5.112280357671897951e-02 6.051542357403760786e-01 8.503542820566789828e+01
5.978859502455972086e-01 -8.723383924252869903e-02 -7.968203359540494413e-01 -5.612082304351150697e+01 1.128777283181518765e-02 9.948783717406753935e-01 -1.004470588275780951e-01 0.000000000000000000e+00 8.015017009859753960e-01 5.106155827648341250e-02 5.958084764275863865e-01 8.575325049864657956e+01
5.894027514095394604e-01 -8.984504548670067814e-02 -8.028276679539347871e-01 -5.715443075555475616e+01 1.140011926935917581e-02 9.946222955104481178e-01 -1.029394314835772317e-01 0.000000000000000000e+00 8.077588959036626770e-01 5.152045297753928693e-02 5.872573618214430580e-01 8.642049121331011463e+01
5.800477056991781843e-01 -9.195923937522088032e-02 -8.093751648071779714e-01 -5.817946308909568387e+01 1.155562318444346148e-02 9.944362957592124408e-01 -1.047039695976542673e-01 0.000000000000000000e+00 8.145005381741218242e-01 5.138046292335868293e-02 5.778831381376720033e-01 8.710947446049080156e+01
5.700161013526443554e-01 -9.610770942615813606e-02 -8.159932306015688086e-01 -5.919127681705509758e+01 1.502363177355851322e-02 9.941884021811565608e-01 -1.066007103953940383e-01 0.000000000000000000e+00 8.214961562217193425e-01 4.850493951473180271e-02 5.681472838583396801e-01 8.782211411112558608e+01
5.608777783093592539e-01 -9.895886327020474160e-02 -8.219630534148243406e-01 -6.027301696589734803e+01 1.770863927482745070e-02 9.940374350609090248e-01 -1.075917366369480432e-01 0.000000000000000000e+00 8.277092012861679837e-01 4.578996699921969449e-02 5.592859349459989859e-01 8.843597586817821821e+01
5.505947311476222517e-01 -9.956219578456215746e-02 -8.288140993027501846e-01 -6.132064955991895516e+01 1.693738962883055074e-02 9.939900371004811719e-01 -1.081523507721234012e-01 0.000000000000000000e+00 8.346008428374808163e-01 4.551016716660310352e-02 5.489720009430629766e-01 8.910968180753718570e+01
5.403895943521890288e-01 -9.942156833955778650e-02 -8.355204593932900048e-01 -6.236896481072633946e+01 1.534364786813911287e-02 9.939938385415020283e-01 -1.083550710009483775e-01 0.000000000000000000e+00 8.412750197087570658e-01 4.573402114865006418e-02 5.386694167331210759e-01 8.978695892809101053e+01
5.297232265344271607e-01 -9.933914699712394214e-02 -8.423330915640409033e-01 -6.343428043373969416e+01 1.385824415050144684e-02 9.939987069881601744e-01 -1.085104583665661149e-01 0.000000000000000000e+00 8.480573402424008700e-01 4.580725247972722985e-02 5.279208683896088328e-01 9.045156460980284407e+01
5.202163592581953155e-01 -9.914816437905363267e-02 -8.482597367908060182e-01 -6.451320849433943749e+01 1.240390596124289584e-02 9.940106377770051571e-01 -1.085771389522117575e-01 0.000000000000000000e+00 8.539444259886278532e-01 4.596186991853033060e-02 5.183304195554611082e-01 9.108363673819839335e+01
5.102049644738819723e-01 -1.003736778254387674e-01 -8.541756371063242703e-01 -6.560546169897990865e+01 1.287868619108392329e-02 9.939467360085222358e-01 -1.091055700685728963e-01 0.000000000000000000e+00 8.599564138188580120e-01 4.466554351837868225e-02 5.084092402327209381e-01 9.172372728044115320e+01
