1.000000000000000000e+00 0.000000000000000000e+00 0.000000000000000000e+00 0.000000000000000000e+00 0.000000000000000000e+00 1.000000000000000000e+00 0.000000000000000000e+00 0.000000000000000000e+00 0.000000000000000000e+00 0.000000000000000000e+00 1.000000000000000000e+00 0.000000000000000000e+00
9.998802441811323050e-01 1.499138441815395153e-03 1.540291791225092966e-02 1.054189674188100653e-02 -1.486481716314815623e-03 9.999985481359444650e-01 -8.331255067194828778e-04 0.000000000000000000e+00 -1.540414451978218413e-02 8.101295792378448990e-04 9.998810209328300447e-01 1.268681784223480435e-01
9.993386510855598592e-01 4.423836684139833761e-03 3.609279866518478458e-02 2.824180374645038349e-02 -4.412804918493987670e-03 9.999901892979303764e-01 -3.853059047521143854e-04 0.000000000000000000e+00 -3.609414909988647308e-02 2.257806036384789881e-04 9.993483684000660228e-01 2.688165852003887579e-01
9.980012751950451122e-01 6.060621190284919309e-03 6.290249263623380604e-02 6.092612400421172636e-02 -6.135409577819481153e-03 9.999806823132763034e-01 9.958662491572779080e-04 0.000000000000000000e+00 -6.289524193749472525e-02 -1.379808342371660482e-03 9.980191805123599380e-01 4.301556182293335695e-01
9.953537992318062244e-01 5.454863701148034497e-03 9.613042607213811985e-02 1.082783438289551259e-01 -5.802440523633572121e-03 9.999775994560793357e-01 3.336505660978792125e-03 0.000000000000000000e+00 -9.611007251468822732e-02 -3.878794665608903576e-03 9.953631542875008842e-01 6.024935891231240070e-01
9.909333376391716852e-01 2.356672612897819062e-03 1.343337874456252967e-01 1.563795326926890328e-01 -3.150258960983473317e-03 9.999788193739935771e-01 5.695320172884931441e-03 0.000000000000000000e+00 -1.343175201668405094e-01 -6.066868845504345790e-03 9.909197731797675379e-01 7.896043073940851587e-01
9.847643529133396356e-01 -6.262155548236612509e-04 1.738930047047593797e-01 2.201117883325034441e-01 -5.172981520420756726e-04 9.999785418567460615e-01 6.530561130322983139e-03 0.000000000000000000e+00 -1.738933628227153083e-01 -6.521018335650712039e-03 9.847428977586351051e-01 9.878110755024561707e-01
9.764170340019199257e-01 -1.375065884087486564e-03 2.158885937346084749e-01 3.095587005396175928e-01 -3.884486315686989824e-04 9.999669081613165034e-01 8.125988552616383864e-03 0.000000000000000000e+00 -2.158926233537242778e-01 -8.018215269687148025e-03 9.763841884244827130e-01 1.188831497137287529e+00
9.648873138530678073e-01 -5.269022188544573342e-04 2.626636517287117556e-01 4.038535273762499100e-01 -2.321487748007334574e-03 9.999418232131797035e-01 1.053379721360148992e-02 0.000000000000000000e+00 -2.626539210825643567e-01 -1.077369774744051968e-02 9.648299566124596272e-01 1.403170383935022691e+00
9.509094040219906452e-01 -2.981393710448099373e-03 3.094550316832547221e-01 5.190250370567612848e-01 -2.697519464170402854e-03 9.998357522000805853e-01 1.792183057724057102e-02 0.000000000000000000e+00 -3.094576364080890429e-01 -1.787679820443839607e-02 9.507451768768940825e-01 1.623553600272714892e+00
9.345624036637392162e-01 -1.150382386462902619e-02 3.556132389193970011e-01 6.610586988275359843e-01 1.803094764274921005e-03 9.996174683440964825e-01 2.759829398006954579e-02 0.000000000000000000e+00 -3.557946915111626640e-01 -2.515112358983048399e-02 9.342256464445010122e-01 1.847611006041474990e+00
9.141708464881834750e-01 -1.656576404754483284e-02 4.049904182725776458e-01 8.177444637441326769e-01 3.547948864916818275e-03 9.994532374552568266e-01 3.287306190572670400e-02 0.000000000000000000e+00 -4.053135520679366222e-01 -2.861470953420486990e-02 9.137297865935775087e-01 2.067977299579026873e+00
8.891346349949181826e-01 -1.912384251981243816e-02 4.572459726446253536e-01 9.720708496415957356e-01 2.601404239867448689e-03 9.993215806583071181e-01 3.673705386340909984e-02 0.000000000000000000e+00 -4.576383217655975444e-01 -3.147470536573179073e-02 8.885811777061830563e-01 2.300264888505568983e+00
8.613176680126308771e-01 -2.129727332370663639e-02 5.076202329677743652e-01 1.154009565792014635e+00 5.441827761548108204e-04 9.991591420490160136e-01 4.099649649640862981e-02 0.000000000000000000e+00 -5.080665100500011411e-01 -3.503476857136698236e-02 8.606050118124819459e-01 2.531898463470775962e+00
8.303274546048241556e-01 -2.707153545012024737e-02 5.566178672103920810e-01 1.367702722251557645e+00 1.478051823852834451e-03 9.989228443823602310e-01 4.637851155288597732e-02 0.000000000000000000e+00 -5.572738406674749845e-01 -3.768664139225001014e-02 8.294730758549629934e-01 2.750659784639629013e+00
7.950092873876449806e-01 -3.436358254576379889e-02 6.056231312970209446e-01 1.591378884103046953e+00 3.948653404988279776e-03 9.986661299181157636e-01 5.148173550552440081e-02 0.000000000000000000e+00 -6.065844055889295650e-01 -3.853706201819172977e-02 7.940845381616058463e-01 2.976555826708016106e+00
7.578865776180448988e-01 -3.950466727946399387e-02 6.511891558752693765e-01 1.839634975607208567e+00 4.922625190169310772e-03 9.984827905762070355e-01 5.484418551121010565e-02 0.000000000000000000e+00 -6.523677668521363771e-01 -3.836011191706483608e-02 7.569311716305959781e-01 3.198163139401144051e+00
7.191200634296521788e-01 -4.554976012724675644e-02 6.933913424072183362e-01 2.111317758345520268e+00 7.231771412013362349e-03 9.982858222120782887e-01 5.807855587563370142e-02 0.000000000000000000e+00 -6.948482106583978579e-01 -3.675100709783186981e-02 7.182167692431844497e-01 3.413457516808358516e+00
6.781945445706940578e-01 -4.893083618195544909e-02 7.332516164217329768e-01 2.404574390152449670e+00 7.419982738564033162e-03 9.981859503291128366e-01 5.974740514637382621e-02 0.000000000000000000e+00 -7.348449520617992281e-01 -3.507964988565408920e-02 6.773273319401720283e-01 3.633155658923506781e+00
6.360514993686715579e-01 -4.719260945030565035e-02 7.702021473380460392e-01 2.711767848900318967e+00 3.534562206476782927e-03 9.982957893315784759e-01 5.824966843552498164e-02 0.000000000000000000e+00 -7.716385144747982539e-01 -3.432746154481720879e-02 6.351343388315701111e-01 3.862437852591675380e+00
5.953000553479437240e-01 -4.884547066459049569e-02 8.020174337870040748e-01 3.054562508133796150e+00 2.425482622833722169e-03 9.982552329576872552e-01 5.899666860628137444e-02 0.000000000000000000e+00 -8.034998202468882633e-01 -3.317544073780549080e-02 5.943798692713868626e-01 4.078433489632858233e+00
5.562399929064381077e-01 -5.127090284992776026e-02 8.294385841112053015e-01 3.426154332430509264e+00 1.635585520770942592e-03 9.981605833472987355e-01 6.060342161779330022e-02 0.000000000000000000e+00 -8.310200931093365551e-01 -3.235342907224819653e-02 5.553006937469256998e-01 4.288447888056230006e+00
5.186564298499668491e-01 -5.189118394653020883e-02 8.534065928992553562e-01 3.820676188011237429e+00 1.016829451908399500e-03 9.981932323918801808e-01 6.007692456272095693e-02 0.000000000000000000e+00 -8.549821482540745921e-01 -3.029151425195598588e-02 5.177721026969022144e-01 4.502758227531905355e+00
4.822586025023887779e-01 -5.349312832045981236e-02 8.743941477016730079e-01 4.245501711510295095e+00 1.118510048671915317e-03 9.981706874543044838e-01 6.044855368221480757e-02 0.000000000000000000e+00 -8.760281897563079179e-01 -2.817381638137350305e-02 4.814362333921229364e-01 4.711065628825671148e+00
4.468803924115862247e-01 -5.543577225308789214e-02 8.928744536791114461e-01 4.696290483704695262e+00 2.741153880542206503e-03 9.981583319997916481e-01 6.060058031732325212e-02 0.000000000000000000e+00 -8.945895153384427756e-01 -2.463370483903807792e-02 4.462093450751933310e-01 4.914610467905307090e+00
4.141342615821154705e-01 -5.895286842626665247e-02 9.083046695289815897e-01 5.174883981351565687e+00 6.750993118843390262e-03 9.980718414220807189e-01 6.170108145118718274e-02 0.000000000000000000e+00 -9.101907698256148649e-01 -1.942057323180427370e-02 4.137337354623170094e-01 5.110666952485374281e+00
3.854708673929516660e-01 -6.289455139669955508e-02 9.205739980012116463e-01 5.681880660746737810e+00 1.126335946677836305e-02 9.979206519051930790e-01 6.346266016041321456e-02 0.000000000000000000e+00 -9.226512597535689864e-01 -1.409425080384412755e-02 3.853777432201168640e-01 5.303812580342591509e+00
3.601712828068998062e-01 -6.508098739356625584e-02 9.306132989169625391e-01 6.215500793188808437e+00 1.396517276398507451e-02 9.978279510262076935e-01 6.437665804086913079e-02 0.000000000000000000e+00 -9.327816577264500530e-01 -1.019044801356608701e-02 3.602978403742910229e-01 5.502120366326896495e+00
3.427231293481032282e-01 -6.785252006796989310e-02 9.369828665083851371e-01 6.783842624076920735e+00 1.613355254878827069e-02 9.976662520096211129e-01 6.634574653456833115e-02 0.000000000000000000e+00 -9.392979107248129456e-01 -7.621359557138672296e-03 3.430180021318145478e-01 5.675124312674223681e+00
3.282783642699417248e-01 -7.021357879283407488e-02 9.419678173405687804e-01 7.374655376331554102e+00 1.730538278432764560e-02 9.975131593948151076e-01 6.832291387858101250e-02 0.000000000000000000e+00 -9.444224898205989538e-01 -6.127820760623180728e-03 3.286770611615387194e-01 5.871134832317929764e+00
3.169236599564300150e-01 -7.151785170776216172e-02 9.457508079018115410e-01 7.986985948721475381e+00 1.677297629525094716e-02 9.974196780709533305e-01 6.980439143086099307e-02 0.000000000000000000e+00 -9.483027264676718859e-01 -6.259607331150911745e-03 3.173054621181918833e-01 6.078469541048330704e+00
3.070753626830081129e-01 -7.144130573558414576e-02 9.489999270115332397e-01 8.629850279750771236e+00 1.485630000060951528e-02 9.974167407704715993e-01 7.027898392193417110e-02 0.000000000000000000e+00 -9.515692365684123022e-01 -7.482316860584042537e-03 3.073434608886392305e-01 6.272067809233109692e+00
2.968114379899094435e-01 -7.070513829515548410e-02 9.523149445939753654e-01 9.294219889751994756e+00 1.271326370655605914e-02 9.974593381561801531e-01 7.009451940744369780e-02 0.000000000000000000e+00 -9.548514770393823348e-01 -8.697824078220147206e-03 2.969562335631537042e-01 6.481709161708315570e+00
2.880327062690942741e-01 -7.003969671219678617e-02 9.550558104130706383e-01 9.983371328369541331e+00 1.074180424020641442e-02 9.974952957818029597e-01 6.991243476546583901e-02 0.000000000000000000e+00 -9.575603238235005366e-01 -9.878045233432476702e-03 2.880636222458489160e-01 6.676717176174529200e+00
2.791973273609075767e-01 -6.963844087261075733e-02 9.577052469039520899e-01 1.069506312485181176e+01 8.608247304240968650e-03 9.975082252800216986e-01 7.002312887216258219e-02 0.000000000000000000e+00 -9.601951627002064393e-01 -1.130610682464057611e-02 2.791010954396170862e-01 6.874592091380670844e+00
2.678874247464673175e-01 -6.982959317868187021e-02 9.609163103929535543e-01 1.141898597884545907e+01 7.083103443145474624e-03 9.974857522789982722e-01 7.051243610889530722e-02 0.000000000000000000e+00 -9.634241834769978752e-01 -1.208312529509558003e-02 2.677084996311906440e-01 7.096033504645521184e+00
2.577483888364072717e-01 -7.039327753305633928e-02 9.636444129088239663e-01 1.216711333083304503e+01 6.024854790049724053e-03 9.974402541532252364e-01 7.125054750318972341e-02 0.000000000000000000e+00 -9.661932876898884359e-01 -1.255889616564346244e-02 2.575127277439024920e-01 7.293806526124011924e+00
2.465676423092109937e-01 -6.823061050478329559e-02 9.667207360743972355e-01 1.292618246819507988e+01 2.633981141196983008e-03 9.975620350525210567e-01 6.973556026315388956e-02 0.000000000000000000e+00 -9.691220046564960056e-01 -1.464820849157656354e-02 2.461462371814002736e-01 7.519309467034094752e+00
2.346453709464495496e-01 -6.704136607342171816e-02 9.697664693772498623e-01 1.369841750607036879e+01 -1.305641318624487001e-03 9.975963166218256850e-01 6.928119776178416622e-02 0.000000000000000000e+00 -9.720801639752509882e-01 -1.752267952026655834e-02 2.339938257909371933e-01 7.726334877352833530e+00
2.230832834546042087e-01 -6.679482452899146439e-02 9.725082519234775624e-01 1.448176197339220828e+01 -5.461558873674506043e-03 9.975483298460355863e-01 6.976747806856978262e-02 0.000000000000000000e+00 -9.747840889231742523e-01 -2.087536915890082431e-02 2.221715529600879480e-01 7.913569044965250932e+00
2.107601554539659805e-01 -6.706063798576478163e-02 9.752348577168302723e-01 1.527388983152038548e+01 -7.510063333072275471e-03 9.975036150440884652e-01 7.021493375844239937e-02 0.000000000000000000e+00 -9.775089543435162565e-01 -2.212258590019520674e-02 2.097303873341554159e-01 8.081316676379303843e+00
1.963129647497972585e-01 -6.821070964266712222e-02 9.781658954191732036e-01 1.606741100865501437e+01 -7.421014472376960547e-03 9.974455409645024417e-01 7.104450263198631987e-02 0.000000000000000000e+00 -9.805132066501435206e-01 -2.120594020715409894e-02 1.953052986597769713e-01 8.244739569430779014e+00
1.824566515861462401e-01 -6.873790386073841407e-02 9.808081723073107661e-01 1.686982669982787542e+01 -6.594748852264001662e-03 9.974452046161531582e-01 7.113067605337659860e-02 0.000000000000000000e+00 -9.831917816883686267e-01 -1.944644854637560261e-02 1.815372029623286143e-01 8.394227239964466847e+00
1.642946062226534054e-01 -6.937218755927535008e-02 9.839688927803500462e-01 1.767706773700258793e+01 -4.966523329079270375e-03 9.974531110812375756e-01 7.115212463712070057e-02 0.000000000000000000e+00 -9.863988118464896981e-01 -1.657681476024566378e-02 1.635316275227494676e-01 8.538866257774092361e+00
1.428681741141800687e-01 -6.759878535858172832e-02 9.874305489720931472e-01 1.849020776684460543e+01 -3.560071505915542688e-03 9.976233156520791789e-01 6.881167021820400187e-02 0.000000000000000000e+00 -9.897353235669397176e-01 -1.334632104329087909e-02 1.422879650513565741e-01 8.663505096248957926e+00
1.159734811875419574e-01 -6.555567139791892983e-02 9.910865782608583308e-01 1.930720104024144135e+01 -3.985923186010705693e-03 9.977808035625461702e-01 6.646488139181309929e-02 0.000000000000000000e+00 -9.932443123811985908e-01 -1.165855864336262301e-02 1.154548133806511251e-01 8.797572321257456807e+00
8.545297517711585022e-02 -6.294639215935333987e-02 9.943518194017177958e-01 2.013188115349693774e+01 -3.760248907330707852e-03 9.979748249313366015e-01 6.349889236368878864e-02 0.000000000000000000e+00 -9.963351090679961608e-01 -9.165179615339283728e-03 8.504322383990538248e-02 8.883244868226404023e+00
5.373045465920774089e-02 -6.216263352649563367e-02 9.966187060431747069e-01 2.096691675772854779e+01 -3.454253249030390504e-03 9.980428861683774411e-01 6.243769296810026265e-02 0.000000000000000000e+00 -9.985495012149413485e-01 -6.797379034445160360e-03 5.341057256438641598e-02 8.912576272959926271e+00
1.920434346965131309e-02 -6.320007872668524651e-02 9.978160868821701612e-01 2.180367688509383584e+01 -3.965543638909375251e-03 9.979874736870859575e-01 6.328725643687896363e-02 0.000000000000000000e+00 -9.998077153410798168e-01 -5.172273446005780720e-03 1.891507155292179373e-02 8.939936180920978970e+00
-1.307806802090928991e-02 -6.386261497397599518e-02 9.978730032151045259e-01 2.264217847060903921e+01 -2.944970188650052924e-03 9.979564819363342387e-01 6.382936089163580851e-02 0.000000000000000000e+00 -9.999101416064498649e-01 -2.103941523058220665e-03 -1.323941624993990249e-02 8.919183562402290377e+00
-4.515943124422106686e-02 -6.351854342124946262e-02 9.969583844932280448e-01 2.348233056814753894e+01 -7.647167806122200746e-04 9.979784333008968611e-01 6.354889357435236641e-02 0.000000000000000000e+00 -9.989794997786221042e-01 2.107441083820236170e-03 -4.511671213790338641e-02 8.880005743808737861e+00
-7.614124696266252879e-02 -6.305917760318484333e-02 9.951010253391292526e-01 2.432091959176987928e+01 2.139784843728321194e-03 9.979855404797532969e-01 6.340569622793276738e-02 0.000000000000000000e+00 -9.970947456645210538e-01 6.957090867326705223e-03 -7.585293043034384286e-02 8.809822875014905463e+00
-1.062871100216839781e-01 -6.821059410730956341e-02 9.919931275441234986e-01 2.515510390415077779e+01 5.296083713890347919e-03 9.975913159033047428e-01 6.916298093344257214e-02 0.000000000000000000e+00 -9.943213774934824833e-01 1.260481201097489803e-02 -1.056698489335266972e-01 8.690821413769224790e+00
-1.374582219452624432e-01 -7.418864277909538452e-02 9.877253072095744102e-01 2.599128073155155860e+01 7.998537811478387966e-03 9.970754262626392306e-01 7.600406394428120549e-02 0.000000000000000000e+00 -9.904752700661072495e-01 1.834774170746165597e-02 -1.364628145749285093e-01 8.574370533515077497e+00
-1.661604701671622331e-01 -8.125021604125978736e-02 9.827456947486881145e-01 2.681723247656507070e+01 1.235906234729015375e-02 9.963498302008101382e-01 8.446460463830030019e-02 0.000000000000000000e+00 -9.860212734681368385e-01 2.618049373211025696e-02 -1.645497797513566507e-01 8.413781303010242851e+00
-1.944907626679183987e-01 -8.680133052876143340e-02 9.770562277859411449e-01 2.764247278945866526e+01 1.575144198703700912e-02 9.956721607978591404e-01 9.159061244168771598e-02 0.000000000000000000e+00 -9.807778725645187601e-01 3.320357255704584759e-02 -1.922817917985711889e-01 8.234282295691860654e+00
-2.219977191359730762e-01 -9.506534834608468265e-02 9.704017684661686571e-01 2.846545907419099919e+01 1.762965041786726181e-02 9.946816603494809117e-01 1.014770416918810425e-01 0.000000000000000000e+00 -9.748877925815732093e-01 3.963551574319915116e-02 -2.191410910057760564e-01 8.015477782140450813e+00
-2.454309199083729021e-01 -1.015020749344855977e-01 9.640855731401276607e-01 2.927728750766261712e+01 2.411202630036935954e-02 9.935565218638123808e-01 1.107431625409293213e-01 0.000000000000000000e+00 -9.691141696108995784e-01 5.042585295134090206e-02 -2.414020704416393881e-01 7.782520934550561265e+00
-2.710122420555579059e-01 -1.052411478500174941e-01 9.568054480693735098e-01 3.008391755730925254e+01 3.700275576400170047e-02 9.921314458874584963e-01 1.196076508720218812e-01 0.000000000000000000e+00 -9.618644190954838136e-01 6.781957593839892107e-02 -2.649855550735681353e-01 7.564580149117759333e+00
-2.958038987935505681e-01 -1.041901602832970702e-01 9.495496111097515568e-01 3.087958090691877189e+01 5.265295981872272768e-02 9.907443990155213598e-01 1.251127557113743682e-01 0.000000000000000000e+00 -9.537964768654086933e-01 8.700543844787160530e-02 -2.875801356137646647e-01 7.328027731095549946e+00
-3.208074968143896366e-01 -1.012737396900149772e-01 9.417144894483087114e-01 3.166410973086296465e+01 6.766821517212869008e-02 9.892755626121114698e-01 1.294406191035161746e-01 0.000000000000000000e+00 -9.447240669333596408e-01 1.052496597033997089e-01 -3.105140036926115066e-01 7.069230080011271511e+00
-3.449294697387926267e-01 -1.023190898804503812e-01 9.330350822727706550e-01 3.244448380575900615e+01 7.519708102054249721e-02 9.878333136509858114e-01 1.361276733338821487e-01 0.000000000000000000e+00 -9.356115967171999559e-01 1.171159608565018745e-01 -3.330387241762637340e-01 6.777931467436228097e+00
-3.683451358557844890e-01 -1.005939109450305624e-01 9.242308834767262171e-01 3.322366974161868569e+01 7.825596959848116208e-02 9.872460286404307617e-01 1.386408387016376531e-01 0.000000000000000000e+00 -9.263896934409343586e-01 1.233942624860429882e-01 -3.557751985059398603e-01 6.481447653234705619e+00
-3.903380909097211582e-01 -1.008555072597443897e-01 9.151307783264295281e-01 3.399098085891126431e+01 7.589308410344704214e-02 9.870741307387631558e-01 1.411555886657566428e-01 0.000000000000000000e+00 -9.175382360262839265e-01 1.245505001262059014e-01 -3.776383962841850517e-01 6.153710884851638419e+00
-4.121106950833592353e-01 -1.008413228822667151e-01 9.055361961828293227e-01 3.475811185999227604e+01 6.808172273143919817e-02 9.876698875608818096e-01 1.409718845564186807e-01 0.000000000000000000e+00 -9.085866243940823317e-01 1.197464855635543002e-01 -4.001638728912797482e-01 5.825321007966061337e+00
-4.306358727939605946e-01 -1.052021867531516414e-01 8.963733847930452914e-01 3.550813353065884570e+01 6.091765297866724715e-02 9.875300713148543741e-01 1.451667930500756820e-01 0.000000000000000000e+00 -9.004675366822268989e-01 1.171189914199517040e-01 -4.188572038657325525e-01 5.471869300240539857e+00
-4.439530234010791721e-01 -1.050155091901165960e-01 8.898749664096543555e-01 3.624565622390770869e+01 5.982987705131170841e-02 9.874181509751290831e-01 1.463754792882883404e-01 0.000000000000000000e+00 -8.940503894216862424e-01 1.182249464131434058e-01 -4.320842084831897911e-01 5.107713567455863135e+00
-4.552905301744034627e-01 -1.077355264074937036e-01 8.838006503070773290e-01 3.697061273702200168e+01 6.033104615570512169e-02 9.866372510830214715e-01 1.513509155740089540e-01 0.000000000000000000e+00 -8.882965146859868044e-01 1.222292564201863663e-01 -4.427068001191087898e-01 4.741738593701295912e+00
-4.656848171018678761e-01 -1.063589310690557233e-01 8.785359576606125431e-01 3.769753921165903421e+01 6.252811740633121285e-02 9.863155253016322455e-01 1.525513653907409894e-01 0.000000000000000000e+00 -8.827388547324868107e-01 1.259740541969097405e-01 -4.526617412757291681e-01 4.397776955908257790e+00
-4.763972411294003506e-01 -9.812741813654071721e-02 8.737371907239352975e-01 3.841005856592685319e+01 6.811904428708268067e-02 9.866462443110174396e-01 1.479492628990507486e-01 0.000000000000000000e+00 -8.765873969261210874e-01 1.300007630624269162e-01 -4.633512028186366205e-01 4.032722101838726481e+00
-4.875423012163879743e-01 -9.590948743379090757e-02 8.678155764589722265e-01 3.912061729125958465e+01 6.730670545984947239e-02 9.868618109478441980e-01 1.468794522486954190e-01 0.000000000000000000e+00 -8.705011843327797871e-01 1.300197535489208411e-01 -4.746815266705762815e-01 3.657618043756321047e+00
-4.960866065791819102e-01 -9.564378923587221748e-02 8.629891913305508533e-01 3.981378183543547067e+01 6.756197689811782592e-02 9.866489298833461818e-01 1.481866000610744527e-01 0.000000000000000000e+00 -8.656404900710066297e-01 1.318186433728006091e-01 -4.830014360320113442e-01 3.249184847993924929e+00
-5.048203622812825753e-01 -9.613760124514460215e-02 8.578542786820066990e-01 4.053512152679238056e+01 6.862232334860081384e-02 9.861645091460089496e-01 1.508990975421858338e-01 0.000000000000000000e+00 -8.604925209230102068e-01 1.350448907868579962e-01 -4.912387392174318301e-01 2.880107547220313258e+00
-5.080070733672441552e-01 -9.681394104959499536e-02 8.558947798808547169e-01 4.125038647954760052e+01 7.055269414154047292e-02 9.856475019837299678e-01 1.533666169105798727e-01 0.000000000000000000e+00 -8.584585783590378272e-01 1.382970088312497348e-01 -4.938854184829838956e-01 2.473373302981750399e+00
-5.079198845713863708e-01 -9.679972017623185432e-02 8.559481322082527210e-01 4.199004775899997099e+01 7.300600728645573190e-02 9.852533658631780211e-01 1.547447186671064845e-01 0.000000000000000000e+00 -8.583050237282093820e-01 1.410872752202479707e-01 -4.933628147862859081e-01 2.077797611206813055e+00
-5.063108403494227527e-01 -9.943436320636765691e-02 8.565991713505269889e-01 4.274353292958438999e+01 7.127923403490109278e-02 9.851053251973735936e-01 1.564824880399351137e-01 0.000000000000000000e+00 -8.594001418082625188e-01 1.402865128282602680e-01 -4.916818997872788310e-01 1.667089021117026615e+00
-5.012585225452580451e-01 -9.878198017652120577e-02 8.596406307103883204e-01 4.352091361051615337e+01 7.232583547914830935e-02 9.852029456321390599e-01 1.553838133139794908e-01 0.000000000000000000e+00 -8.622696023274799559e-01 1.400616875171600550e-01 -4.866968836882538674e-01 1.262642562705327043e+00
-4.945071971665475630e-01 -9.802803465492468393e-02 8.636278923078978265e-01 4.431097111832010427e+01 7.303870411116326899e-02 9.854185765238125949e-01 1.536736045765135783e-01 0.000000000000000000e+00 -8.660992897192848483e-01 1.390709655660318789e-01 -4.801367376948830201e-01 8.487930342345746393e-01
-4.874590592128587585e-01 -9.782132320277654725e-02 8.676489234236257619e-01 4.511733481812988344e+01 7.325043844111557567e-02 9.856199562923603219e-01 1.522749980345568521e-01 0.000000000000000000e+00 -8.700678357803496299e-01 1.377834913373031378e-01 -4.732839218222025246e-01 4.300850843731200968e-01
-4.801357049944260935e-01 -9.648255772252149753e-02 8.718720209095081053e-01 4.593476680937003920e+01 7.511101441535325551e-02 9.857603527956630973e-01 1.504488696190860453e-01 0.000000000000000000e+00 -8.739725626717375073e-01 1.377230660110472238e-01 -4.660518391611763733e-01 -2.571881959773592019e-03
-4.753098707233335274e-01 -9.336452852319644669e-02 8.748506110225980903e-01 4.677669344349367719e+01 7.696285150126455643e-02 9.861296511574932921e-01 1.470545157306924478e-01 0.000000000000000000e+00 -8.764458033910391688e-01 1.372274605231562083e-01 -4.615315566639007772e-01 -4.266009736581368728e-01
-4.727936960667715738e-01 -8.997807015559050603e-02 8.765672066935890072e-01 4.763130430746610955e+01 7.835520035045208387e-02 9.865393601194573092e-01 1.435289291854621729e-01 0.000000000000000000e+00 -8.776825072528011695e-01 1.365431720232084534e-01 -4.593793406720405037e-01 -8.665549782362169662e-01
-4.729382526838370460e-01 -8.714440174221130264e-02 8.767754914419967349e-01 4.851022695844267929e+01 7.861239990279647594e-02 9.869549212803296889e-01 1.404993734578705578e-01 0.000000000000000000e+00 -8.775816199818017305e-01 1.353729537445439446e-01 -4.599181053889873638e-01 -1.292430947056907531e+00
-4.729144995149810460e-01 -8.544408828639699083e-02 8.769556339549935409e-01 4.938101726789857793e+01 7.899238821123302778e-02 9.871677618594136838e-01 1.387804472905125597e-01 0.000000000000000000e+00 -8.775602992120723478e-01 1.349041056542545081e-01 -4.600965154447977379e-01 -1.764400270858947462e+00
-4.741192206359680084e-01 -8.628722452420811706e-02 8.762222774544448090e-01 5.027775725809476626e+01 7.744801639838370944e-02 9.872413921874418907e-01 1.391266987596203042e-01 0.000000000000000000e+00 -8.770477577529621760e-01 1.338243192984829855e-01 -4.613873450635592177e-01 -2.209710899030708831e+00
-4.731476195069087565e-01 -8.675493731110414664e-02 8.767011526210596317e-01 5.117087163391921223e+01 7.619041482353217098e-02 9.873814698986235205e-01 1.388267034465804073e-01 0.000000000000000000e+00 -8.776823746914167446e-01 1.324817487542041261e-01 -4.605672973660467906e-01 -2.696789438810647255e+00
-4.723317972262849329e-01 -8.660819114166240507e-02 8.771554563224009948e-01 5.208246736052998926e+01 7.588615789723555938e-02 9.874698945329795086e-01 1.383636456249094648e-01 0.000000000000000000e+00 -8.781480310110501009e-01 1.319175068676934071e-01 -4.598410671234450797e-01 -3.173960605663368462e+00
-4.723029191996144238e-01 -8.679397762849615228e-02 8.771526423393759542e-01 5.300212628967826589e+01 7.465760611156832538e-02 9.876249561501533325e-01 1.379245730067369391e-01 0.000000000000000000e+00 -8.782688622313858939e-01 1.306282949319324260e-01 -4.599783192694671397e-01 -3.648328981268795790e+00
-4.722997001915222315e-01 -8.484766892041492592e-02 8.773447818718544955e-01 5.393220928192086916e+01 7.484794926010766847e-02 9.879004927998298324e-01 1.358322524932964459e-01 0.000000000000000000e+00 -8.782543923548319365e-01 1.298209898460836453e-01 -4.602344325502262246e-01 -4.116501636345372361e+00
-4.720765473611867047e-01 -8.429879862050325412e-02 8.775177753086732535e-01 5.485574730436196944e+01 7.385015248419800338e-02 9.881367997830314831e-01 1.346544462414920040e-01 0.000000000000000000e+00 -8.784588142933068555e-01 1.283720275826516211e-01 -4.602507296297499995e-01 -4.591925399396426855e+00
-4.714470552448956076e-01 -8.255610576011961077e-02 8.780217329329849107e-01 5.578410856438721055e+01 7.423057303977681487e-02 9.883608106405100679e-01 1.327882902074339622e-01 0.000000000000000000e+00 -8.787647558517032165e-01 1.277787047662885533e-01 -4.598316066574235084e-01 -5.053857688120420910e+00
-4.701018642767124667e-01 -8.422242180974189030e-02 8.785845553320764667e-01 5.670415171014204248e+01 7.192871522268279305e-02 9.884698235677557010e-01 1.332428903256668296e-01 0.000000000000000000e+00 -8.796763593106128321e-01 1.258331894232377068e-01 -4.586234962467606868e-01 -5.527606624472789498e+00
-4.696253296008753297e-01 -8.470941196421423458e-02 8.787925610301599022e-01 5.763899585332893594e+01 6.973006222887907779e-02 9.887179366790097568e-01 1.325690767515255719e-01 0.000000000000000000e+00 -8.801078162468656263e-01 1.235360563312238869e-01 -4.584201943275442170e-01 -5.970448282610457902e+00
-4.675948499120491375e-01 -8.545306387729115216e-02 8.798027223245632467e-01 5.856032167653383880e+01 6.766471863624284877e-02 9.889355382587843302e-01 1.320151014872158191e-01 0.000000000000000000e+00 -8.813492736637427161e-01 1.212611852275266022e-01 -4.566390070609493979e-01 -6.435040482788688010e+00
-4.649695306902313363e-01 -8.605326560152924686e-02 8.811345930157432615e-01 5.947660634513947286e+01 6.825897018569251906e-02 9.888178257775068758e-01 1.325896693329698672e-01 0.000000000000000000e+00 -8.826913665143073517e-01 1.217954962383637763e-01 -4.538962530988293609e-01 -6.899099060241105974e+00
-4.631199338624336082e-01 -8.897519446352450401e-02 8.818182021422749095e-01 6.038996346530063164e+01 6.660108549166440794e-02 9.886413256730673949e-01 1.347316762410575297e-01 0.000000000000000000e+00 -8.837896934625270040e-01 1.211269744589127534e-01 -4.519336608262802812e-01 -7.365514533030964373e+00
-4.629870629466644738e-01 -8.852626632387203265e-02 8.819331492322854960e-01 6.131135475105464394e+01 6.828593453611926656e-02 9.884803240338376762e-01 1.350691679935921707e-01 0.000000000000000000e+00 -8.837307342672598987e-01 1.227589066777081406e-01 -4.516085031780781023e-01 -7.811098450407718552e+00
-4.611109279171343167e-01 -8.849715707958634436e-02 8.829184364052157230e-01 6.219529607334276022e+01 7.059165525688725074e-02 9.882020930608665932e-01 1.359170389546808244e-01 0.000000000000000000e+00 -8.845301184038293352e-01 1.249995058348050553e-01 -4.494236232971771661e-01 -8.310726795118959842e+00
-4.630261775044117178e-01 -8.757959282979599358e-02 8.820071280128185531e-01 6.309475707276265410e+01 7.402098911077059640e-02 9.878093092115093343e-01 1.369440097490081387e-01 0.000000000000000000e+00 -8.832483524562705357e-01 1.286957013844650111e-01 -4.508988404603021527e-01 -8.773549060848271353e+00
-4.675038960463007709e-01 -8.600453049970170627e-02 8.797973220663130034e-01 6.399609733394684241e+01 7.548959565170994257e-02 9.877361827231635472e-01 1.366695075274903248e-01 0.000000000000000000e+00 -8.807618452963724698e-01 1.303090713380701815e-01 -4.552780664573459202e-01 -9.220454359683330381e+00
-4.761544985102027505e-01 -8.509468662208738432e-02 8.752347044405782706e-01 6.490992073654787475e+01 7.359451613867348807e-02 9.879589177279513024e-01 1.360919691830555778e-01 0.000000000000000000e+00 -8.762766348264753313e-01 1.292132779186990765e-01 -4.641585807315145029e-01 -9.644810060589966483e+00
-4.817282290937845435e-01 -8.597674251554827951e-02 8.720928351044865412e-01 6.579430048989459578e+01 6.937734106918716503e-02 9.883100839522902525e-01 1.357569979941350147e-01 0.000000000000000000e+00 -8.735700875375347341e-01 1.259014602958375417e-01 -4.701320287483511939e-01 -1.011799775028849879e+01
-4.870353779220029100e-01 -8.270486778520702575e-02 8.694575581918894125e-01 6.667559440174392194e+01 6.973898969018024752e-02 9.886449979357554430e-01 1.331072551501067680e-01 0.000000000000000000e+00 -8.705934837622923972e-01 1.254630340029822821e-01 -4.757373362785419779e-01 -1.058144378724009549e+01
-4.904342475040754934e-01 -8.488159275668320791e-02 8.673346321266085512e-01 6.753271730203944401e+01 7.024068569015190500e-02 9.881573161568129038e-01 1.364234752509055626e-01 0.000000000000000000e+00 -8.686429041607887092e-01 1.278289237099534958e-01 -4.786640484873155299e-01 -1.107350599405890712e+01
-4.964639885375601858e-01 -8.355759021705380651e-02 8.640264100144708914e-01 6.840120409928586298e+01 7.225901931168061954e-02 9.879238249446707920e-01 1.370589297886115332e-01 0.000000000000000000e+00 -8.650445897255767402e-01 1.304785239945773778e-01 -4.844308129781858541e-01 -1.153267318661452556e+01
-5.022572682006564149e-01 -8.145303745594305311e-02 8.608734164956034496e-01 6.926874442894519746e+01 7.435176683970402822e-02 9.877987195152474476e-01 1.368411651947092633e-01 0.000000000000000000e+00 -8.615157870331964229e-01 1.327369293498661118e-01 -4.900729091465284015e-01 -1.199189879545900617e+01
-5.058702556177250287e-01 -7.943416858471849529e-02 8.589444087614216405e-01 7.012399231389808563e+01 7.618191230596374486e-02 9.877461583275852774e-01 1.362124918885903868e-01 0.000000000000000000e+00 -8.592389660150795416e-01 1.343418757139652475e-01 -4.936199547333870452e-01 -1.246295761005502101e+01
-5.091586097009869194e-01 -7.927027328308083876e-02 8.570144304158355819e-01 7.096814673696012221e+01 7.510341548009445700e-02 9.878590773436247696e-01 1.359923538035280877e-01 0.000000000000000000e+00 -8.573896355511776424e-01 1.336063886325223049e-01 -4.970234861311834118e-01 -1.294921473784317634e+01
-5.111473513204880526e-01 -7.985536213166212482e-02 8.557753831332531869e-01 7.181574291187524750e+01 6.674109484925426494e-02 9.889804088464386744e-01 1.321490717948899662e-01 0.000000000000000000e+00 -8.568979002753894791e-01 1.246630340427686140e-01 -5.001850821914631817e-01 -1.343900131094849471e+01
-5.130190682980504402e-01 -7.914711331045656828e-02 8.547205215842296200e-01 7.265884973920987022e+01 5.763565912988244389e-02 9.903166774015562668e-01 1.262973050266840425e-01 0.000000000000000000e+00 -8.564400541539747280e-01 1.140553063866845268e-01 -5.034896431166950848e-01 -1.393078562894037375e+01
-5.144655625287309908e-01 -8.033820288561653589e-02 8.537393970815105870e-01 7.349569959650605711e+01 5.551671433145137502e-02 9.903924324005104474e-01 1.266519809305725608e-01 0.000000000000000000e+00 -8.557120306515710872e-01 1.125548888361013050e-01 -5.050626867996271807e-01 -1.441921424075930425e+01
-5.168130125836954969e-01 -8.030568628536566278e-02 8.523234754331225904e-01 7.432712509911708310e+01 5.944774080997185239e-02 9.898209921720204640e-01 1.293072680408381137e-01 0.000000000000000000e+00 -8.540317770064264069e-01 1.174963837989521365e-01 -5.067783772591485381e-01 -1.488475123964658664e+01
-5.184082482144889426e-01 -8.074086524468415682e-02 8.513129864290338578e-01 7.514791596821746111e+01 6.487494888032284412e-02 9.889500668080064560e-01 1.333004364892017846e-01 0.000000000000000000e+00 -8.526688273831521947e-01 1.243329322423289279e-01 -5.074418122002423148e-01 -1.536037823036774341e+01
-5.195984958303824230e-01 -8.457427403603426375e-02 8.502144407748422061e-01 7.596946255280823834e+01 6.362643398384142113e-02 9.884957936264598954e-01 1.372142225911429925e-01 0.000000000000000000e+00 -8.520381916494725871e-01 1.253924166529588602e-01 -5.082397680392873873e-01 -1.584005032333568685e+01
-5.181244831142701734e-01 -9.013956484743795849e-02 8.505421088027804721e-01 7.677454437082884908e+01 6.064551057404337503e-02 9.880564408668924825e-01 1.416565978296103756e-01 0.000000000000000000e+00 -8.531524729172290655e-01 1.249773119832575663e-01 -5.064696727787926234e-01 -1.634823181936699044e+01
-5.195376226655795682e-01 -9.011700353889250115e-02 8.496820489501746287e-01 7.760636604175985553e+01 5.661770638273572881e-02 9.886063506784620314e-01 1.394701355924181929e-01 0.000000000000000000e+00 -8.525697003523853290e-01 1.205670314446698338e-01 -5.085159751371287618e-01 -1.680868939661550598e+01
-5.182103371939060787e-01 -8.820689098527073613e-02 8.506924184498699804e-01 7.843062520052183118e+01 5.479397206400620640e-02 9.891997015529057080e-01 1.359469421248105381e-01 0.000000000000000000e+00 -8.534961435477177449e-01 1.170619273305791713e-01 -5.077803049733466967e-01 -1.727959640991855039e+01
-5.166660561361939852e-01 -8.464115202136712757e-02 8.519929939977000100e-01 7.924243250918493686e+01 5.198620797885290801e-02 9.901642160417792882e-01 1.298932617588128280e-01 0.000000000000000000e+00 -8.546072902899026769e-01 1.114033242540787838e-01 -5.071840678969439242e-01 -1.777174929382981006e+01
-5.150160881720178274e-01 -7.420459750055707904e-02 8.539625908866090853e-01 8.005766211362914930e+01 5.813671660617556608e-02 9.909280939966297330e-01 1.211677956820816221e-01 0.000000000000000000e+00 -8.552067300403130012e-01 1.120499452832589282e-01 -5.060298989741368603e-01 -1.824222059274368135e+01
-5.128747964384994251e-01 -6.656467798208483277e-02 8.558788388687417203e-01 8.087748197041950959e+01 6.108036495070613692e-02 9.916329711168511141e-01 1.137244020052455840e-01 0.000000000000000000e+00 -8.562877041016385693e-01 1.106037713602164574e-01 -5.045177633792917726e-01 -1.870350379543834407e+01
-5.121992537199874240e-01 -6.767069942607147059e-02 8.561965901169370508e-01 8.170104437852049273e+01 5.943093173435404220e-02 9.917091045421104756e-01 1.139342631584902427e-01 0.000000000000000000e+00 -8.568079649734083869e-01 1.092416056613384756e-01 -5.039309305357836388e-01 -1.915231349735991984e+01
-5.094538293243461302e-01 -7.107262980546884268e-02 8.575578564034559426e-01 8.251027529007586736e+01 5.914649175355576882e-02 9.913339818875351872e-01 1.172971818427339386e-01 0.000000000000000000e+00 -8.584628636697138049e-01 1.104790371406956379e-01 -5.008351964992687755e-01 -1.961900813958782663e+01
-5.039933215756441376e-01 -7.362777500472487968e-02 8.605635842603375218e-01 8.331795246130467092e+01 6.037627608918681027e-02 9.909192694608048857e-01 1.201403624801586217e-01 0.000000000000000000e+00 -8.615947058175038586e-01 1.125075648972760217e-01 -4.949713231573486527e-01 -2.008141146840891977e+01
-4.979583769307162622e-01 -7.829564578765302318e-02 8.636592190761455123e-01 8.414035505917993873e+01 5.724366263397331206e-02 9.907761260581294804e-01 1.228243913947477672e-01 0.000000000000000000e+00 -8.653095503533830835e-01 1.106004515539440042e-01 -4.888833421004360469e-01 -2.051920436822459237e+01
-4.907131386536822681e-01 -8.595588252305971788e-02 8.670710477304215402e-01 8.496299650703655004e+01 5.355059905156961397e-02 9.902658466919230795e-01 1.284752358111966863e-01 0.000000000000000000e+00 -8.696740474993316372e-01 1.094766602304171194e-01 -4.813334727306282645e-01 -2.096241006976440957e+01
-4.810612517925925147e-01 -8.387447789367875883e-02 8.726655395865037246e-01 8.578804634257859618e+01 5.551894567388723778e-02 9.905002493041173972e-01 1.258050189767362936e-01 0.000000000000000000e+00 -8.749272648026256149e-01 1.089693905945128549e-01 -4.718346672495137839e-01 -2.138791954862126943e+01
-4.707119786815931461e-01 -8.166848207977799035e-02 8.784989995215939373e-01 8.662431836131629836e+01 5.615404964116297443e-02 9.909147926796449957e-01 1.222071861943868076e-01 0.000000000000000000e+00 -8.804981293759556182e-01 1.068556628515135165e-01 -4.618494467702750073e-01 -2.179649668831016740e+01
-4.594759796976449207e-01 -8.240146019349477158e-02 8.843595555196239744e-01 8.745774534833697089e+01 5.309740182820822663e-02 9.913579860905349372e-01 1.199583650005591057e-01 0.000000000000000000e+00 -8.866016523783287751e-01 1.020751819615968725e-01 -4.511298784469125467e-01 -2.220820172241426249e+01
-4.495053435349622983e-01 -8.265105158476217240e-02 8.894457542792851834e-01 8.829349729084647436e+01 5.241341386168155148e-02 9.915544579340552778e-01 1.186279520115742642e-01 0.000000000000000000e+00 -8.917386277272502104e-01 9.994278674836348797e-02 -4.413770034744603499e-01 -2.259963087568161555e+01
-4.383635255217566140e-01 -8.309622348912804046e-02 8.949482874077018257e-01 8.913836915899487678e+01 5.175229921078008943e-02 9.917315420177228447e-01 1.174318870390077402e-01 0.000000000000000000e+00 -8.973065914271073362e-01 9.779348755918680636e-02 -4.304385145087268882e-01 -2.298089486452322205e+01
-4.277072602201562046e-01 -7.913254879533218600e-02 9.004468553313511592e-01 8.998407716041032245e+01 5.479854651645468810e-02 9.920584890915443710e-01 1.132125148606849541e-01 0.000000000000000000e+00 -9.022547416637116680e-01 9.776499344116375279e-02 -4.199742696913705831e-01 -2.334422699394052358e+01
