1.000000000000000000e+00 0.000000000000000000e+00 0.000000000000000000e+00 0.000000000000000000e+00 0.000000000000000000e+00 1.000000000000000000e+00 0.000000000000000000e+00 0.000000000000000000e+00 0.000000000000000000e+00 0.000000000000000000e+00 1.000000000000000000e+00 0.000000000000000000e+00
9.999980429060361109e-01 -1.853960928059400579e-03 -6.906612587310456686e-04 -4.920580431577473157e-02 1.853086666637333109e-03 9.999974837677683137e-01 -1.264329046676025692e-03 0.000000000000000000e+00 6.930035375196513803e-04 1.263046717095598487e-03 9.999989622290050839e-01 8.590347787380966382e-01
9.999866290258160317e-01 -5.932337566538879595e-04 -5.137104563349348049e-03 -6.151476217916608535e-02 5.804856997876134319e-04 9.999967496128683297e-01 -2.482700153169883472e-03 0.000000000000000000e+00 5.138560687309320051e-03 2.479684941312959665e-03 9.999837230458576975e-01 1.718273912925568858e+00
9.999672451998966594e-01 -1.223756765320385513e-03 -8.000684140084150103e-03 -9.699149272464634153e-02 1.199459415662040319e-03 9.999946567867677993e-01 -3.041002305820110670e-03 0.000000000000000000e+00 8.004362837867923589e-03 3.031306202473947869e-03 9.999633700082553034e-01 2.577979762152050824e+00
9.999176476330473573e-01 -9.819091328978903722e-06 -1.283346623398815695e-02 -1.178322165103820318e-01 -3.558844585889403371e-05 9.999937406964338749e-01 -3.537979849431569911e-03 0.000000000000000000e+00 1.283342064517449706e-02 3.538145211535028995e-03 9.999113884955037612e-01 3.437157392978618109e+00
9.998509778870064979e-01 -4.069992810579126314e-04 -1.725851586847311145e-02 -1.277501806222645087e-01 3.387110595087439104e-04 9.999921036967206467e-01 -3.959522575299844263e-03 0.000000000000000000e+00 1.725999111283919168e-02 3.953086868683908413e-03 9.998432206156092628e-01 4.297535506042819975e+00
9.997869469888687188e-01 9.058466889290178650e-04 -2.062134991832621084e-02 -1.765242267614618998e-01 -1.007070759370028330e-03 9.999874934746445510e-01 -4.898847086997739318e-03 0.000000000000000000e+00 2.061665441247692576e-02 4.918570531396155091e-03 9.997753553797795734e-01 5.155548364667322581e+00
9.996928339734216795e-01 3.277387106859311425e-03 -2.456616445319246764e-02 -2.288115305939427135e-01 -3.410206722947635612e-03 9.999797844950869541e-01 -5.366664817589292431e-03 0.000000000000000000e+00 2.454807919769391375e-02 5.448792059656493332e-03 9.996838012455713240e-01 6.014496608344914286e+00
9.995599538122040828e-01 4.329572649973379220e-03 -2.934541762547648869e-02 -2.474324884249757273e-01 -4.431215189752668072e-03 9.999844037003731145e-01 -3.399512898834746149e-03 0.000000000000000000e+00 2.933024150748015854e-02 3.528052816474779984e-03 9.995635496437621503e-01 6.873740730231561180e+00
9.994042864539557369e-01 4.264016828307572518e-03 -3.424748717714198865e-02 -2.750328426326870135e-01 -4.296086027731256703e-03 9.999903995098076148e-01 -8.628632892168049736e-04 0.000000000000000000e+00 3.424347912089115153e-02 1.009479421013534774e-03 9.994130102660244708e-01 7.733604364493307237e+00
9.993028467840667783e-01 4.533243947198456122e-03 -3.705765924307981296e-02 -3.165763187067788809e-01 -4.480815672725209711e-03 9.999888395208252900e-01 1.497706479283672986e-03 0.000000000000000000e+00 3.706403513067713096e-02 -1.330613808064348962e-03 9.993120067159840803e-01 8.593199015070178248e+00
9.992168924766294813e-01 5.365794795866097103e-03 -3.920216876091936475e-02 -3.593862122968931594e-01 -5.311813485369294534e-03 9.999847954835432429e-01 1.481026410546755099e-03 0.000000000000000000e+00 3.920951959470524162e-02 -1.271631998942521430e-03 9.992302019681013059e-01 9.451265593160750100e+00
9.991435265714178060e-01 4.958296602133455133e-03 -4.108075711618700693e-02 -4.052738254624843606e-01 -4.920551547080458631e-03 9.999873739455416022e-01 1.019863700818699490e-03 0.000000000000000000e+00 4.108529521503256204e-02 -8.168502316750356424e-04 9.991553088848568187e-01 1.031047345172789242e+01
9.990278894205185667e-01 1.974421235930574631e-03 -4.403836759883282548e-02 -4.299896020272109820e-01 -1.970125572340838873e-03 9.999980493679495597e-01 1.409451001799876641e-04 0.000000000000000000e+00 4.403855998118014203e-02 -5.404697178654202164e-05 9.990298305424667458e-01 1.117047542768007240e+01
9.989144130741079985e-01 1.676765254657013558e-03 -4.655302150337564671e-02 -4.632078421913951582e-01 -1.658994466372734709e-03 9.999985355137471776e-01 4.203661708031548568e-04 0.000000000000000000e+00 4.655365818250477988e-02 -3.426786217171835010e-04 9.989157319219623687e-01 1.202942590148552071e+01
9.989337444629281526e-01 4.335174497274085423e-04 -4.616477267243639798e-02 -5.248455010859075509e-01 -4.045622933451424141e-04 9.999997155637331270e-01 6.365546315908074361e-04 0.000000000000000000e+00 4.616503549904098919e-02 -6.171993753863211189e-04 9.989336357147579060e-01 1.288307449785478553e+01
9.988496420266576026e-01 2.806606231642428447e-03 -4.786977736194247823e-02 -5.819471321608743475e-01 -2.875834626288654473e-03 9.999949161998026304e-01 -1.377370591875115482e-03 0.000000000000000000e+00 4.786566826467212460e-02 1.513451685922489022e-03 9.988526354100348836e-01 1.374485182413151563e+01
9.987792137639737167e-01 3.378412923045992847e-03 -4.928152269505460537e-02 -6.264576210451816562e-01 -3.562065577653665029e-03 9.999870336783887037e-01 -3.639253208057016339e-03 0.000000000000000000e+00 4.926858879491321369e-02 3.810354473437384520e-03 9.987782973998512448e-01 1.461443774631050907e+01
9.987161139941646004e-01 8.872465329876821558e-03 -4.987387098840749544e-02 -6.941088938173736178e-01 -9.114883315487525700e-03 9.999477151689426524e-01 -4.635281064917226752e-03 0.000000000000000000e+00 4.983013697094568900e-02 5.083924406975625157e-03 9.987447677770744381e-01 1.549345301235764261e+01
9.986570279976970665e-01 9.776614357511613507e-03 -5.087787576652910010e-02 -7.526755680974956952e-01 -9.992653447145095902e-03 9.999420973854488137e-01 -3.993589046233391761e-03 0.000000000000000000e+00 5.083588602449169713e-02 4.496630748617174919e-03 9.986968974638986696e-01 1.638345034377317688e+01
9.985985156540950758e-01 9.155553757401182005e-03 -5.212658025263686157e-02 -8.046565706299658727e-01 -9.315114006536463417e-03 9.999526401459267744e-01 -2.818885636695916616e-03 0.000000000000000000e+00 5.209830308641970331e-02 3.300500050427133437e-03 9.986365072011608168e-01 1.728367209454738074e+01
9.984483160441857130e-01 1.035093749490783276e-02 -5.471579553938717144e-02 -8.523818952029380558e-01 -1.047505664943732158e-02 9.999431705742974907e-01 -1.982122601949381623e-03 0.000000000000000000e+00 5.469216924498946503e-02 2.552198032003348202e-03 9.985000014564268112e-01 1.818857951971767406e+01
9.984023882624309953e-01 9.784304203408563175e-03 -5.565014378356156893e-02 -9.124880710899783143e-01 -9.910423812424032364e-03 9.999489088674001769e-01 -1.990767377382325967e-03 0.000000000000000000e+00 5.562782228106747523e-02 2.539103414170642246e-03 9.984483453549911625e-01 1.909964439524808100e+01
9.984019956622375291e-01 1.176224750664398890e-02 -5.527300056317469706e-02 -1.007060005831354355e+00 -1.195591938311555379e-02 9.999234862229858800e-01 -3.174537977455677874e-03 0.000000000000000000e+00 5.523143171572435228e-02 3.830304590793197003e-03 9.984662326375263186e-01 2.000984459650691960e+01
9.983366735122868318e-01 1.074577722849298124e-02 -5.664286885548838746e-02 -1.054298285985750816e+00 -1.096342431009079271e-02 9.999336581087574505e-01 -3.533087690861518894e-03 0.000000000000000000e+00 5.660114528718809823e-02 4.148210817925103780e-03 9.983882524845684170e-01 2.092713632112557320e+01
9.983693989681539094e-01 1.153403651271965417e-02 -5.590625372615388999e-02 -1.132734728371054933e+00 -1.165359176099718848e-02 9.999304510927830014e-01 -1.812946896003912950e-03 0.000000000000000000e+00 5.588145491160621120e-02 2.461499360735588341e-03 9.984343764203338356e-01 2.185251439063091539e+01
9.983682824641209042e-01 1.162376223491474493e-02 -5.590760879478044731e-02 -1.193732547794913668e+00 -1.155174808402993636e-02 9.999319784251693433e-01 1.611098670366849749e-03 0.000000000000000000e+00 5.592253289906626290e-02 -9.626391996369012454e-04 9.984346466544147258e-01 2.278667211731612952e+01
9.984003426820942106e-01 1.309613098577036734e-02 -5.500224618579917235e-02 -1.247242270457501245e+00 -1.282088794037381657e-02 9.999034745217771913e-01 5.354107927028165480e-03 0.000000000000000000e+00 5.506705516640678089e-02 -4.640365554285152960e-03 9.984718756393815564e-01 2.372247663261616424e+01
9.984841180422748819e-01 1.254958017104276097e-02 -5.359080196146910613e-02 -1.312596274387500594e+00 -1.216312788527818510e-02 9.998976640391584736e-01 7.531252822494330021e-03 0.000000000000000000e+00 5.367983175634228471e-02 -6.868004554489839930e-03 9.985345793591989816e-01 2.466421991124719781e+01
9.985127002203129098e-01 1.500818414278796108e-02 -5.241318448136803726e-02 -1.341348324930627056e+00 -1.450395721360734844e-02 9.998449315240575119e-01 9.987398599965564838e-03 0.000000000000000000e+00 5.255494956602681234e-02 -9.212345759081672775e-03 9.985755404383435119e-01 2.561066417947355589e+01
9.985750282566077107e-01 1.704735405585984520e-02 -5.056976035153479265e-02 -1.402974337272063110e+00 -1.666641599365222687e-02 9.998295385297465421e-01 7.945090390659569068e-03 0.000000000000000000e+00 5.069658292473021993e-02 -7.090952198636380106e-03 9.986889279834211264e-01 2.655809029161608237e+01
9.986174909051659387e-01 1.835522676371976331e-02 -4.925639561240553049e-02 -1.441770285759602199e+00 -1.820009336476733144e-02 9.998278971378019575e-01 3.596207239533104859e-03 0.000000000000000000e+00 4.931392764510997284e-02 -2.694764451360023676e-03 9.987796928175737277e-01 2.751060483117036881e+01
9.987084963479124777e-01 1.421115936619633119e-02 -4.877891216460732843e-02 -1.475567444454458421e+00 -1.418413214478054206e-02 9.998989949183885173e-01 9.001980286812448278e-04 0.000000000000000000e+00 4.878677810424988937e-02 -2.071488836183568586e-04 9.988091946771160412e-01 2.847004475980017091e+01
9.987666651558764208e-01 1.036425127726335604e-02 -4.855647092688524652e-02 -1.518210218502588749e+00 -1.035899685347219969e-02 9.999462793978256547e-01 3.598647390997999126e-04 0.000000000000000000e+00 4.855759217260938870e-02 1.435754241692279603e-04 9.988203740555648968e-01 2.943897646324468553e+01
9.987514405033003362e-01 7.340776377784335310e-03 -4.941328864541850996e-02 -1.560870639685863148e+00 -7.103448782600139261e-03 9.999623854808979972e-01 4.976810096834491728e-03 0.000000000000000000e+00 4.944796363832437702e-02 -4.619591488252422148e-03 9.987660177771902070e-01 3.041507496257175092e+01
9.987200675942942141e-01 2.434757444153284531e-03 -5.052027850910947859e-02 -1.613513608719612913e+00 -2.013390323827044491e-03 9.999627783197918562e-01 8.389769625043983631e-03 0.000000000000000000e+00 5.053882511350806656e-02 -8.277314247117356985e-03 9.986877956724027339e-01 3.139449096642904991e+01
9.987062588282078490e-01 -5.114462163198068081e-03 -5.059299214462973510e-02 -1.667765155610646977e+00 5.514214201347602574e-03 9.999546487805864858e-01 7.764909776072005665e-03 0.000000000000000000e+00 5.055098435349178465e-02 -8.033844588372168749e-03 9.986891685214299708e-01 3.237360729962441042e+01
