1.000000000000000000e+00 0.000000000000000000e+00 0.000000000000000000e+00 0.000000000000000000e+00 0.000000000000000000e+00 1.000000000000000000e+00 0.000000000000000000e+00 0.000000000000000000e+00 0.000000000000000000e+00 0.000000000000000000e+00 1.000000000000000000e+00 0.000000000000000000e+00
9.990386436598795994e-01 -3.356079642369471511e-04 4.383692326706224718e-02 2.839199084718958474e-02 4.431510409110170595e-04 9.999969163148039186e-01 -2.443558478499027048e-03 0.000000000000000000e+00 -4.383596801010446881e-02 2.460635726239401161e-03 9.990357116642227808e-01 1.001942849709970496e+00
9.990386436598795994e-01 -3.356079642369471511e-04 4.383692326706224718e-02 2.839199084718958474e-02 4.431510409110170595e-04 9.999969163148039186e-01 -2.443558478499027048e-03 0.000000000000000000e+00 -4.383596801010446881e-02 2.460635726239401161e-03 9.990357116642227808e-01 1.001942849709970496e+00
9.990386436598795994e-01 -3.356079642369471511e-04 4.383692326706224718e-02 2.839199084718958474e-02 4.431510409110170595e-04 9.999969163148039186e-01 -2.443558478499027048e-03 0.000000000000000000e+00 -4.383596801010446881e-02 2.460635726239401161e-03 9.990357116642227808e-01 1.001942849709970496e+00
9.990386436598795994e-01 -3.356079642369471511e-04 4.383692326706224718e-02 2.839199084718958474e-02 4.431510409110170595e-04 9.999969163148039186e-01 -2.443558478499027048e-03 0.000000000000000000e+00 -4.383596801010446881e-02 2.460635726239401161e-03 9.990357116642227808e-01 1.001942849709970496e+00
9.959795747709753178e-01 -1.223124705764146039e-03 8.957226470833788701e-02 1.466515030412166298e-01 1.546634959453852378e-03 9.999925296147726961e-01 -3.542405249263034031e-03 0.000000000000000000e+00 -8.956726276563664602e-02 3.666698869822818726e-03 9.959740261473035705e-01 1.993475052244467083e+00
9.907029149170391014e-01 -1.961614979833029796e-03 1.360289911803812812e-01 2.830080277409230960e-01 2.716403067424863049e-03 9.999819277382997473e-01 -5.363333960230397442e-03 0.000000000000000000e+00 -1.360160120326171784e-01 5.682980156975315361e-03 9.906903392116424012e-01 2.976459094666351390e+00
9.834944120638385856e-01 -5.899892979903854570e-03 1.808422868192882393e-01 4.462039198811207363e-01 7.536118240954891093e-03 9.999366395702458110e-01 -8.362043220529979254e-03 0.000000000000000000e+00 -1.807814934141849239e-01 9.586871637262199888e-03 9.834765597263354087e-01 3.954154270826884421e+00
9.741055137459022628e-01 -6.838848317271020022e-03 2.259904383896025881e-01 6.503964104116792821e-01 9.406423232248686123e-03 9.999028481951937053e-01 -1.028656274536403348e-02 0.000000000000000000e+00 -2.258981347683242102e-01 1.214595919768614654e-02 9.740752067388641633e-01 4.920506140820737784e+00
9.627460148906329396e-01 -6.233611624358643792e-03 2.703354451386668078e-01 9.314827795772460117e-01 9.733583190265765461e-03 9.998852484785978323e-01 -1.160806758982117770e-02 0.000000000000000000e+00 -2.702320635499856349e-01 1.380695335721592032e-02 9.626962136980226070e-01 5.866991213702903885e+00
9.492441801969538906e-01 -6.240884855785167051e-03 3.144781991147052036e-01 1.231133807059551222e+00 1.012537884359746010e-02 9.998912717288993557e-01 -1.072014102694754389e-02 0.000000000000000000e+00 -3.143771032780313113e-01 1.336024238480897595e-02 9.492041618418736171e-01 6.805162139946415500e+00
9.423864428958909079e-01 -1.147754706957550188e-03 3.345242515949488626e-01 2.090080092920333144e+00 7.178814898773933258e-03 9.998332165377395997e-01 -1.679296651715547414e-02 0.000000000000000000e+00 -3.344491842756958100e-01 1.822695166312270770e-02 9.422375079407485643e-01 7.280446112365016376e+00
9.254282534449153053e-01 -1.246979448050648288e-03 3.789208265167639533e-01 2.430700820022043462e+00 8.013646437022367217e-03 9.998353386591266601e-01 -1.628118666347209975e-02 0.000000000000000000e+00 -3.788381306002275850e-01 1.810360766931709900e-02 9.252858640402330526e-01 8.199043552203525209e+00
9.067809003551987601e-01 -1.791748370837082088e-03 4.215983733232234743e-01 2.850439357013647257e+00 9.888857808259354440e-03 9.998062453926430670e-01 -1.702005185400028847e-02 0.000000000000000000e+00 -4.214861910457588512e-01 1.960258431024920409e-02 9.066229257227602645e-01 9.080330144093080591e+00
8.861167545479614605e-01 -5.146612212239306053e-03 4.634335008306176285e-01 3.299985228004240323e+00 1.435797388346020040e-02 9.997632240793447034e-01 -1.635066862348347194e-02 0.000000000000000000e+00 -4.632396203859818207e-01 2.114256751697678877e-02 8.859808383613280158e-01 9.945047535902075353e+00
8.643951886730516510e-01 -6.801264750471333956e-03 5.027670440638194460e-01 3.774634639849616669e+00 1.760495740520512734e-02 9.997048066670451982e-01 -1.674410348647262237e-02 0.000000000000000000e+00 -5.025047495035633860e-01 2.332471488783496166e-02 8.642597609525519697e-01 1.078738033934537555e+01
8.643951886730516510e-01 -6.801264750471333956e-03 5.027670440638194460e-01 3.774634639849616669e+00 1.760495740520512734e-02 9.997048066670451982e-01 -1.674410348647262237e-02 0.000000000000000000e+00 -5.025047495035633860e-01 2.332471488783496166e-02 8.642597609525519697e-01 1.078738033934537555e+01
8.643951886730516510e-01 -6.801264750471333956e-03 5.027670440638194460e-01 3.774634639849616669e+00 1.760495740520512734e-02 9.997048066670451982e-01 -1.674410348647262237e-02 0.000000000000000000e+00 -5.025047495035633860e-01 2.332471488783496166e-02 8.642597609525519697e-01 1.078738033934537555e+01
8.643951886730516510e-01 -6.801264750471333956e-03 5.027670440638194460e-01 3.774634639849616669e+00 1.760495740520512734e-02 9.997048066670451982e-01 -1.674410348647262237e-02 0.000000000000000000e+00 -5.025047495035633860e-01 2.332471488783496166e-02 8.642597609525519697e-01 1.078738033934537555e+01
8.484309940537729799e-01 -1.297198308866121669e-02 5.291470268117084430e-01 4.642184907142764771e+00 2.501181559162610896e-02 9.995654371934250548e-01 -1.559954643976031730e-02 0.000000000000000000e+00 -5.287147221420408494e-01 2.647006654814551899e-02 8.483867503486844930e-01 1.118905620750968133e+01
8.484309940537729799e-01 -1.297198308866121669e-02 5.291470268117084430e-01 4.642184907142764771e+00 2.501181559162610896e-02 9.995654371934250548e-01 -1.559954643976031730e-02 0.000000000000000000e+00 -5.287147221420408494e-01 2.647006654814551899e-02 8.483867503486844930e-01 1.118905620750968133e+01
8.484309940537729799e-01 -1.297198308866121669e-02 5.291470268117084430e-01 4.642184907142764771e+00 2.501181559162610896e-02 9.995654371934250548e-01 -1.559954643976031730e-02 0.000000000000000000e+00 -5.287147221420408494e-01 2.647006654814551899e-02 8.483867503486844930e-01 1.118905620750968133e+01
8.484309940537729799e-01 -1.297198308866121669e-02 5.291470268117084430e-01 4.642184907142764771e+00 2.501181559162610896e-02 9.995654371934250548e-01 -1.559954643976031730e-02 0.000000000000000000e+00 -5.287147221420408494e-01 2.647006654814551899e-02 8.483867503486844930e-01 1.118905620750968133e+01
8.305421077627888060e-01 -1.016915219166611081e-02 5.568629953378512187e-01 5.543425026493080665e+00 2.535048407348492253e-02 9.994873021346577513e-01 -1.955724491900781223e-02 0.000000000000000000e+00 -5.563786122688242353e-01 3.035986191149113791e-02 8.303740835277388932e-01 1.149735472056077690e+01
8.305421077627888060e-01 -1.016915219166611081e-02 5.568629953378512187e-01 5.543425026493080665e+00 2.535048407348492253e-02 9.994873021346577513e-01 -1.955724491900781223e-02 0.000000000000000000e+00 -5.563786122688242353e-01 3.035986191149113791e-02 8.303740835277388932e-01 1.149735472056077690e+01
8.305421077627888060e-01 -1.016915219166611081e-02 5.568629953378512187e-01 5.543425026493080665e+00 2.535048407348492253e-02 9.994873021346577513e-01 -1.955724491900781223e-02 0.000000000000000000e+00 -5.563786122688242353e-01 3.035986191149113791e-02 8.303740835277388932e-01 1.149735472056077690e+01
8.174947701414589929e-01 -3.632267801741930011e-03 5.759245674756164890e-01 6.344166228257143381e+00 2.498617706882139133e-02 9.992622929483402361e-01 -2.916437633671584845e-02 0.000000000000000000e+00 -5.753937710358421054e-01 3.823187835093255771e-02 8.169824549712878525e-01 1.203610748038442857e+01
8.126037629051153788e-01 5.614905319238569503e-04 5.828162740013574927e-01 7.273265420874619025e+00 2.140905717655774629e-02 9.992958652692831567e-01 -3.081275590602209138e-02 0.000000000000000000e+00 -5.824231938919125495e-01 3.751610832823390473e-02 8.120195593904424580e-01 1.233847404180469454e+01
7.975520878652232470e-01 2.888614220072136581e-03 6.032431707443578484e-01 7.916318443922719439e+00 2.413646555007809349e-02 9.990349940397605932e-01 -3.669484588772217726e-02 0.000000000000000000e+00 -6.027670347427531716e-01 4.382620896063669363e-02 7.967127244092238048e-01 1.308750273897402749e+01
7.756270229832867846e-01 5.461478491622133273e-03 6.311678805759730615e-01 8.515360375183384178e+00 2.398975826658960447e-02 9.989849870445302038e-01 -3.812462665977778969e-02 0.000000000000000000e+00 -6.307354538286185086e-01 4.471205555912619728e-02 7.747087319575564068e-01 1.387946636169359316e+01
7.538107444682746738e-01 1.030887045391787847e-02 6.570107219171887891e-01 9.149058750407434104e+00 2.321031288825976119e-02 9.988352212330411373e-01 -4.230227180622359723e-02 0.000000000000000000e+00 -6.566815384185954452e-01 4.713733142958837635e-02 7.526934496100552430e-01 1.464369779818807160e+01
7.325082582567795653e-01 1.221792604798081945e-02 6.806484950903080033e-01 9.820435127304975254e+00 2.396833204431488354e-02 9.987561525568889875e-01 -4.372261187040545061e-02 0.000000000000000000e+00 -6.803360718384929839e-01 4.834118340341595627e-02 7.313042864242809138e-01 1.538561568343506636e+01
7.109071694775866979e-01 1.178376997609001040e-02 7.031871295398630650e-01 1.053763817646108158e+01 2.595184238641242216e-02 9.987391042900551907e-01 -4.297328750102237527e-02 0.000000000000000000e+00 -7.028068712399696549e-01 4.879901973447106633e-02 7.097049791362888271e-01 1.610457952020443884e+01
6.886254847132257106e-01 1.170328398477109982e-02 7.250227409864067329e-01 1.127876457351426076e+01 2.687842578199385601e-02 9.987706083041187899e-01 -4.165119704520819227e-02 0.000000000000000000e+00 -7.246188598366423150e-01 4.816954568800393272e-02 6.874643284107597729e-01 1.681560944432283833e+01
6.660436451178357586e-01 1.434848129632814405e-02 7.457747541199228891e-01 1.204729721805854581e+01 2.544171185259625628e-02 9.987962260662919256e-01 -4.193826526858932674e-02 0.000000000000000000e+00 -7.454787603253059114e-01 4.690650147067039477e-02 6.648768292124701551e-01 1.751532421478418655e+01
6.435984360816378036e-01 1.518577896301636504e-02 7.652126797110411216e-01 1.284083074252025547e+01 2.560318116156133639e-02 9.988163875477908960e-01 -4.135578654053033432e-02 0.000000000000000000e+00 -7.649349842879962225e-01 4.620839840617755462e-02 6.424478607086023807e-01 1.820717264963941062e+01
6.222568788165950826e-01 1.129831451782112479e-02 7.827315790579054688e-01 1.364718718338867376e+01 2.970531116923588039e-02 9.988348710023404742e-01 -3.803281422761589647e-02 0.000000000000000000e+00 -7.822493024949062068e-01 4.691746539179077191e-02 6.211962493346558922e-01 1.890171830871015501e+01
6.014959172822783584e-01 5.954641737450508746e-03 7.988536810546258415e-01 1.444104387980237370e+01 3.465523202622632776e-02 9.988364007282022339e-01 -3.353892475219784342e-02 0.000000000000000000e+00 -7.981238477742400583e-01 4.785798598043836116e-02 6.005896575798980175e-01 1.963069734824378898e+01
5.826797839439418203e-01 2.918893960761473512e-03 8.126965912572068351e-01 1.533040497402138058e+01 3.734749995478341134e-02 9.988409082645866022e-01 -3.036452246123002782e-02 0.000000000000000000e+00 -8.118432321761190895e-01 4.804497929250237803e-02 5.818953912299155151e-01 2.026495939382934708e+01
5.658277088778435049e-01 -2.269566423897578268e-03 8.245203775130692803e-01 1.623744296973604051e+01 4.107023605366379865e-02 9.988324640461034853e-01 -2.543510326460847806e-02 0.000000000000000000e+00 -8.234999936712483759e-01 4.825513274080325127e-02 5.652602963127898450e-01 2.089436925467518336e+01
5.506342743019726482e-01 -5.021932442158303679e-03 8.347314994406781485e-01 1.717847673261495700e+01 4.320882833738592943e-02 9.988128081301071992e-01 -2.249380956964535175e-02 0.000000000000000000e+00 -8.336275505989768630e-01 4.845363257581019462e-02 5.501975575850553968e-01 2.149468813902411313e+01
5.372470285084066655e-01 -7.568768711021712885e-03 8.433909793797200738e-01 1.812767776445043211e+01 4.502904549897288056e-02 9.987910123897740799e-01 -1.972051294608296104e-02 0.000000000000000000e+00 -8.422220701337257420e-01 4.857187776485807906e-02 5.369383179379723092e-01 2.210680635492566992e+01
5.252621159709501830e-01 -9.161243881298566580e-03 8.508911687967292137e-01 1.910147659541072329e+01 4.554481105444212891e-02 9.988114207116848275e-01 -1.736133756127443417e-02 0.000000000000000000e+00 -8.497207657293864846e-01 4.787293041426213258e-02 5.250550474205710749e-01 2.269057229029104761e+01
5.127417862918507430e-01 -8.891501055274161555e-03 8.584968269010797570e-01 2.004976079905357977e+01 4.461966945024885972e-02 9.988709955046901623e-01 -1.630396999553807361e-02 0.000000000000000000e+00 -8.573826133578825726e-01 4.666557133957534992e-02 5.125596343482000661e-01 2.332798373732678954e+01
5.022950003151060994e-01 -7.460504318410715076e-03 8.646641391510112573e-01 2.104117595805706031e+01 4.361112616176108375e-02 9.989087355489297826e-01 -1.671549338000029999e-02 0.000000000000000000e+00 -8.635958559032983484e-01 4.610508561264041461e-02 5.020722246323755522e-01 2.390974730492822431e+01
4.924573079196016834e-01 -7.444556760472433900e-03 8.703047618226708027e-01 2.205130939930651834e+01 4.640090588077989270e-02 9.987658536820547273e-01 -1.771229663806179327e-02 0.000000000000000000e+00 -8.690988182077005186e-01 4.910547926038233424e-02 4.921949777238573409e-01 2.448326344638960350e+01
4.841102441640929843e-01 -7.215255643705709675e-03 8.749772634653860681e-01 2.309363160411372817e+01 4.989804771717533394e-02 9.985664013933938099e-01 -1.937335392381229343e-02 0.000000000000000000e+00 -8.735831135784373203e-01 5.303849634217416148e-02 4.837762515630198434e-01 2.503642656152567625e+01
4.767472352807051172e-01 -8.067855118273495676e-03 8.790034035008009727e-01 2.415956992590365360e+01 5.227365624600278232e-02 9.984484463826633904e-01 -1.918762045475920150e-02 0.000000000000000000e+00 -8.774847796485583107e-01 5.509636675708999565e-02 4.764292726683482804e-01 2.559542956835709404e+01
4.691049729446798988e-01 -7.047968695226372940e-03 8.831142907324280866e-01 2.520451949883397447e+01 5.288940522627595675e-02 9.983975332587315954e-01 -2.012650982376474468e-02 0.000000000000000000e+00 -8.815572784416121355e-01 5.614883543001136096e-02 4.687260106997193643e-01 2.624036002510053223e+01
4.640532580547184205e-01 -6.549903527583770223e-03 8.857830843116036856e-01 2.631520216456594596e+01 5.355523404894584061e-02 9.983508351112870827e-01 -2.067478992767943571e-02 0.000000000000000000e+00 -8.841868640704654281e-01 5.703252402244227137e-02 4.636387393314625460e-01 2.681799618219609727e+01
4.596309212055892934e-01 -7.413339695183651656e-03 8.880790835653445958e-01 2.745186766672485490e+01 5.562544518415176581e-02 9.982421285086753304e-01 -2.045636132184311395e-02 0.000000000000000000e+00 -8.863663047069008094e-01 5.880217058092963162e-02 4.592353194335198063e-01 2.738297070886596174e+01
4.560956051759108010e-01 -5.544878334774580066e-03 8.899135088667153859e-01 2.859799608906611113e+01 5.582260328476702782e-02 9.981896125942837372e-01 -2.239049511245615187e-02 0.000000000000000000e+00 -8.881782680868360869e-01 5.988949518172632935e-02 4.555794249800454443e-01 2.798569619065549929e+01
4.514344989463083824e-01 -6.013073691225910566e-03 8.922839996917332206e-01 2.973749029603000338e+01 5.698808129796841676e-02 9.981301002029682179e-01 -2.210569290441443541e-02 0.000000000000000000e+00 -8.904825948613885878e-01 6.082882551547495048e-02 4.509330352007253073e-01 2.864397428905689225e+01
4.487804640456544703e-01 -6.500199906333834279e-03 8.936183986983160521e-01 3.094374009818906757e+01 5.517952241440725325e-02 9.982670058882886499e-01 -2.045006750465643702e-02 0.000000000000000000e+00 -8.919368337483800646e-01 5.848702724540585929e-02 4.483614080704453331e-01 2.923082917179520024e+01
4.467042519012555113e-01 -3.611120819178376823e-03 8.946743939220382913e-01 3.217490598211874442e+01 5.246932772433636483e-02 9.983764599473077261e-01 -2.216785671268029639e-02 0.000000000000000000e+00 -8.931418034004994233e-01 5.684543983036026427e-02 4.461684827383030072e-01 2.982013386869159177e+01
4.447043800869191488e-01 -2.879864939895854497e-03 8.956727754651446771e-01 3.341669114584099276e+01 5.124955013102322487e-02 9.984383186184057069e-01 -2.223527660754188659e-02 0.000000000000000000e+00 -8.942099853741721782e-01 5.579095170701244694e-02 4.441574853188351435e-01 3.043127827583489875e+01
4.422953184485829969e-01 -4.063680320964596984e-03 8.968602665860015977e-01 3.466971805674666740e+01 5.166114085593568467e-02 9.984448350542415307e-01 -2.095323075248787040e-02 0.000000000000000000e+00 -8.953803537066974405e-01 5.560034042839044621e-02 4.418174106351169805e-01 3.106676666732210990e+01
4.413510693685845365e-01 -1.908864678203546841e-03 8.973324856500209945e-01 3.596025071140674356e+01 5.078381237916124169e-02 9.984481466689434370e-01 -2.285394525208384736e-02 0.000000000000000000e+00 -8.958963321542542380e-01 5.565657776927610684e-02 4.407630966670981754e-01 3.167003839453632352e+01
4.401928505419204773e-01 -5.178114481652219131e-03 8.978883234913964673e-01 3.724775297609583191e+01 5.372079599612709921e-02 9.983439115989289903e-01 -2.057936468618436210e-02 0.000000000000000000e+00 -8.962947787471047256e-01 5.729416465713988577e-02 4.397420246996207593e-01 3.233313904091672697e+01
4.407921612509437259e-01 -5.426445159847301421e-03 8.975927942405989013e-01 3.857105165337453911e+01 5.403752638852658136e-02 9.983284212895754406e-01 -2.050143866337210061e-02 0.000000000000000000e+00 -8.959811473025154349e-01 5.754056776210990376e-02 4.403485741319995150e-01 3.295938320572442137e+01
4.423132309918957894e-01 -5.911017291965739960e-03 8.968411596063602387e-01 3.990801053431036394e+01 5.561757294917340361e-02 9.982344073188879063e-01 -2.085074636425767944e-02 0.000000000000000000e+00 -8.951344542965340434e-01 5.910268961119612835e-02 4.418610424239409751e-01 3.361014085716854538e+01
4.444912713709999186e-01 -6.023383841379966776e-03 8.957629309823483821e-01 4.124800218631230564e+01 5.637800784133290694e-02 9.981830403335677504e-01 -2.126354209141584697e-02 0.000000000000000000e+00 -8.940072873902286110e-01 5.995278840496313932e-02 4.440232350402820161e-01 3.430756846937752158e+01
4.468776107230407191e-01 -6.856274184952784734e-03 8.945688305204709811e-01 4.263298832891887002e+01 5.550782775284197196e-02 9.982563633423674476e-01 -2.007770167692635166e-02 0.000000000000000000e+00 -8.928713692871036445e-01 5.862784791178719118e-02 4.464789954259971161e-01 3.495802797875748524e+01
4.476013626759756114e-01 -8.738739255201211434e-03 8.941905023913163664e-01 4.400984826107550418e+01 5.708127910842685643e-02 9.981921744699473464e-01 -1.881782140153005767e-02 0.000000000000000000e+00 -8.924095179377883325e-01 5.946442014502193590e-02 4.472909959197292618e-01 3.567401682681539654e+01
4.483448115621657126e-01 -1.002219014868063404e-02 8.938045007997584834e-01 4.541596479466649328e+01 5.710469266139953787e-02 9.982156565718002250e-01 -1.745156299512997181e-02 0.000000000000000000e+00 -8.920347437299364080e-01 5.886474904006343267e-02 4.481171245323254393e-01 3.637028929798191257e+01
4.486198467184641658e-01 -1.249465570286388549e-02 8.936353376569013962e-01 4.680935889124344129e+01 5.842121190942749925e-02 9.981736620486594269e-01 -1.537213034677802591e-02 0.000000000000000000e+00 -8.918111880489814070e-01 5.910350219091525109e-02 4.485304681952336781e-01 3.715316794266438905e+01
4.496070480883697096e-01 -1.368259131136082170e-02 8.931216540898918588e-01 4.824256118400506921e+01 5.886506511851190282e-02 9.981629255050461502e-01 -1.434148722401959106e-02 0.000000000000000000e+00 -8.912846943697932955e-01 5.902169806274387698e-02 4.495865130761120265e-01 3.789773443356688176e+01
4.505510951490331872e-01 -1.583744877817915703e-02 8.926101533571082491e-01 4.969384251819985820e+01 5.809692511780523844e-02 9.982433983385983201e-01 -1.161313761476694649e-02 0.000000000000000000e+00 -8.908582704066136948e-01 5.709021710943108091e-02 4.506797634224747329e-01 3.865063569899154317e+01
4.528338982835348192e-01 -1.829963275008696794e-02 8.914070809717320465e-01 5.119157395441919789e+01 5.719021183092166949e-02 9.983266201083850211e-01 -8.557993555672122749e-03 0.000000000000000000e+00 -8.897588101480489176e-01 5.485510937165810619e-02 4.531226950173148915e-01 3.934420896611377572e+01
4.516155414747732855e-01 -1.842613970188074907e-02 8.920223540215398428e-01 5.265187388250709688e+01 5.903229787143564333e-02 9.982130553619116275e-01 -9.267357393116648981e-03 0.000000000000000000e+00 -8.902575978369775545e-01 5.684341193771217521e-02 4.518962668719634368e-01 4.013319491135154493e+01
4.515624683485350288e-01 -2.065985328960144585e-02 8.920002845520990098e-01 5.414770198223669695e+01 6.113336045515894990e-02 9.980988893594954225e-01 -7.830664007464151893e-03 0.000000000000000000e+00 -8.901427129502538227e-01 5.806700888964715090e-02 4.519670043932127457e-01 4.089177794234674224e+01
4.528302531016564769e-01 -1.986048620559219269e-02 8.913755229775843780e-01 5.567233284510882640e+01 6.085400613854693996e-02 9.981089701766489020e-01 -8.676035373129113021e-03 0.000000000000000000e+00 -8.895175949989854169e-01 5.817254284096214784e-02 4.531825277375989280e-01 4.162236169776609529e+01
4.527341089877753855e-01 -2.125959276066363701e-02 8.913920889679750603e-01 5.717813051869263319e+01 6.079466919509721179e-02 9.981252388771879591e-01 -7.072178858886246124e-03 0.000000000000000000e+00 -8.895705900919292919e-01 5.739370376621551889e-02 4.531778105903848664e-01 4.242217653089324614e+01
4.537423460323830038e-01 -2.047835265614783226e-02 8.908975925938480422e-01 5.872423736811455086e+01 5.929617914445062948e-02 9.982140697260140083e-01 -7.254939000072122175e-03 0.000000000000000000e+00 -8.891579424128751574e-01 5.611869629201993170e-02 4.541462819077001778e-01 4.318920356238640323e+01
4.539973068261636824e-01 -2.155265245351270509e-02 8.907423469033020069e-01 6.028350763825964975e+01 6.026979882550457385e-02 9.981605224588516734e-01 -6.566791773956489817e-03 0.000000000000000000e+00 -8.889623145803889903e-01 5.666616783308503491e-02 4.544611630040480410e-01 4.395758230412243250e+01
4.518199120514294620e-01 -2.183509692014087844e-02 8.918419117849981648e-01 6.179839389381913151e+01 6.033525125232371000e-02 9.981593547389157051e-01 -6.128621664590917784e-03 0.000000000000000000e+00 -8.900665281484055891e-01 5.657853912639321248e-02 4.523056979302476632e-01 4.484435180104539853e+01
4.515312584847629429e-01 -2.311836167658273822e-02 8.919557522459008458e-01 6.336675316472542363e+01 6.186824977039726003e-02 9.980694416385481604e-01 -5.450627272362003166e-03 0.000000000000000000e+00 -8.901077700377144630e-01 5.764486985591361218e-02 4.520898436127309683e-01 4.566809752903240138e+01
4.493800841216269437e-01 -2.239957348580910376e-02 8.930597959277347675e-01 6.493028933833139149e+01 6.227102284530135895e-02 9.980393827983280453e-01 -6.301594824334171008e-03 0.000000000000000000e+00 -8.911676944933752953e-01 5.844355816669644793e-02 4.498938661508725678e-01 4.652234016175694364e+01
4.492147662185387302e-01 -2.180441718640787480e-02 8.931576911175198585e-01 6.654744052554039513e+01 6.253518359792271941e-02 9.980175918786968747e-01 -7.087814403474948337e-03 0.000000000000000000e+00 -8.912325423948544989e-01 5.903773108618883686e-02 4.496877824497789722e-01 4.730435475736181417e+01
4.476328873816193266e-01 -1.987943232257354323e-02 8.939964241007458678e-01 6.815775595000945941e+01 6.240033214866103073e-02 9.980101490546114951e-01 -9.052123050765917972e-03 0.000000000000000000e+00 -8.920375534035152043e-01 5.983770178175042143e-02 4.479826478373348242e-01 4.813244319448592989e+01
4.466920529400058015e-01 -1.937281869990039804e-02 8.944780062896224848e-01 6.979147106938440004e+01 6.153971797274505884e-02 9.980630053858506878e-01 -9.115941640644751459e-03 0.000000000000000000e+00 -8.925688057242849860e-01 5.911794292582814303e-02 4.470190106384101525e-01 4.896152706543185218e+01
4.449004900653508732e-01 -2.114866404248797946e-02 8.953302675263593580e-01 7.141038301754785778e+01 6.263783190083112296e-02 9.980077540366901756e-01 -7.551483125963988699e-03 0.000000000000000000e+00 -8.933868456354011611e-01 5.944120533650451565e-02 4.453388453231677535e-01 4.984290089269340740e+01
4.430477797200952361e-01 -1.836228589560072802e-02 8.963099304045308857e-01 7.304282804836986998e+01 6.060555423820591925e-02 9.981164943426006353e-01 -9.509496133619907768e-03 0.000000000000000000e+00 -8.944471094931057964e-01 5.853452124963221676e-02 4.433261532342810951e-01 5.073502754276225346e+01
4.410877253110996876e-01 -2.007378959915199351e-02 8.972394672276751137e-01 7.468325887248437311e+01 6.165061755134836757e-02 9.980659043903462591e-01 -7.978210890617551398e-03 0.000000000000000000e+00 -8.953439673865098980e-01 5.883445813982437350e-02 4.414721810034904492e-01 5.163631783023974720e+01
4.368263424791547500e-01 -1.824518714910040168e-02 8.993608061630062878e-01 7.634502302890065550e+01 6.170396800591721603e-02 9.980471362957110681e-01 -9.722862965802802834e-03 0.000000000000000000e+00 -8.974270816331583189e-01 5.974133307703630158e-02 4.370990806139636864e-01 5.253818692037190630e+01
4.333841210590657633e-01 -1.977397875406742417e-02 9.009923381350634086e-01 7.806235983634691422e+01 6.282967057968963376e-02 9.979895943363874533e-01 -8.318779425955571266e-03 0.000000000000000000e+00 -8.990164826679802879e-01 6.021427870965295054e-02 4.337552357387403079e-01 5.335965380436817185e+01
4.293752330765737701e-01 -1.762262358716975771e-02 9.029542360265756518e-01 7.977693489558130580e+01 6.128824521954899518e-02 9.980733140596720343e-01 -9.664924202945785262e-03 0.000000000000000000e+00 -9.010442054740402940e-01 5.949035972193513627e-02 4.296280215277059611e-01 5.421281657377186747e+01
4.251943223825219165e-01 -1.455120531608579230e-02 9.049851107269727413e-01 8.153073561037611228e+01 5.992643741297108001e-02 9.981293751747071230e-01 -1.210671352330009061e-02 0.000000000000000000e+00 -9.031160558381493564e-01 5.938023945047010005e-02 4.252709452221608566e-01 5.500754023649463420e+01
4.205136301797126608e-01 -1.182879710793364493e-02 9.072091084155036178e-01 8.328223501213123825e+01 5.927758878942814003e-02 9.981367697134992945e-01 -1.446224094701761137e-02 0.000000000000000000e+00 -9.053476980146297759e-01 5.985873791584258446e-02 4.204312990189166821e-01 5.582057037493628826e+01
4.154884830387026717e-01 -1.278968199442565533e-02 9.095085181001179020e-01 8.503158482018717734e+01 6.231856460555375288e-02 9.979519099100724322e-01 -1.443544292147746350e-02 0.000000000000000000e+00 -9.074611379930818122e-01 6.267702562596069726e-02 4.154345598177698329e-01 5.667102581826350871e+01
4.107779218611954941e-01 -1.139946686566285262e-02 9.116641657247311903e-01 8.680374932709256086e+01 6.330934606872519466e-02 9.978649048987113801e-01 -1.604862211631547658e-02 0.000000000000000000e+00 -9.095347302944213341e-01 6.430928180799892757e-02 4.106225647253129996e-01 5.749329304310396793e+01
4.042801081338930902e-01 -8.810788819919510712e-03 9.145927859805216276e-01 8.856754598650583432e+01 6.382543550950763034e-02 9.977877169541586877e-01 -1.860069024057085796e-02 0.000000000000000000e+00 -9.124055611126375975e-01 6.589417194088433016e-02 4.039480785385148875e-01 5.836623110007170112e+01
3.989522261114247237e-01 -6.768800032428044788e-03 9.169467294378956801e-01 9.037100741461769360e+01 6.329343839770978919e-02 9.977910635041623566e-01 -2.017261130900029065e-02 0.000000000000000000e+00 -9.147847079704227724e-01 6.608461952186568678e-02 3.984993866069541091e-01 5.918182959193600823e+01
3.890398010305262111e-01 -3.979800628456344608e-03 9.212123503303027983e-01 9.214486120965752036e+01 6.323121340026797987e-02 9.977476491547059290e-01 -2.239290642555418279e-02 0.000000000000000000e+00 -9.190483376112794645e-01 6.696110657099126062e-02 3.884151945286543062e-01 6.008355656304716064e+01
